-0
-0.00224
-0.00429
-0.00513
-0.00585
-0.00569
-0.00749
-0.00855
-0.01069
-0.01118
-0.01234
-0.01339
-0.01351
-0.01602
-0.01823
-0.02071
-0.02219
-0.02349
-0.02525
-0.02703
-0.02861
-0.03074
-0.03186
-0.03231
-0.03318
-0.03369
-0.03247
-0.03158
-0.03099
-0.0345
-0.03841
-0.04083
-0.04278
-0.04485
-0.04793
-0.05164
-0.0557
-0.05867
-0.06169
-0.06419
-0.066
-0.06769
-0.06969
-0.07195
-0.07416
-0.0757
-0.07826
-0.08094
-0.08244
-0.08537
-0.08798
-0.09008
-0.0926
-0.0961
-0.0983
-0.10023
-0.1023
-0.10433
-0.10675
-0.10906
-0.11129
-0.11364
-0.11609
-0.11788
-0.11914
-0.1206
-0.12257
-0.12467
-0.12672
-0.12851
-0.1302
-0.1321
-0.13406
-0.1366
-0.1389
-0.1413
-0.14355
-0.14568
-0.14781
-0.14969
-0.15132
-0.15264
-0.15385
-0.15532
-0.15713
-0.15818
-0.15847
-0.16011
-0.16204
-0.1631
-0.16479
-0.16625
-0.16678
-0.17075
-0.17437
-0.17728
-0.17845
-0.17632
-0.17843
-0.18182
-0.18445
-0.18564
-0.18826
-0.19001
-0.19192
-0.1924
-0.19371
-0.19628
-0.19885
-0.20205
-0.20513
-0.20782
-0.21133
-0.21354
-0.21474
-0.21521
-0.21588
-0.21523
-0.21285
-0.20862
-0.20654
-0.20592
-0.206
-0.2061
-0.20619
-0.20629
-0.20638
-0.20648
-0.20658
-0.20769
-0.20788
-0.20867
-0.20911
-0.20827
-0.20821
-0.2083
-0.2084
-0.20927
-0.2115
-0.2097
-0.21225
-0.21405
-0.21525
-0.2124
-0.212
-0.2121
-0.2123
-0.21528
-0.21958
-0.21786
-0.2151
-0.21506
-0.21516
-0.21697
-0.22158
-0.22513
-0.22624
-0.2263
-0.22369
-0.22681
-0.22957
-0.23085
-0.23288
-0.2343
-0.22984
-0.2301
-0.23014
-0.23024
-0.23033
-0.23043
-0.23052
-0.23062
-0.23157
-0.23281
-0.23393
-0.23505
-0.23636
-0.2381
-0.23953
-0.23925
-0.23789
-0.23614
-0.23605
-0.23615
-0.23624
-0.23634
-0.23643
-0.23737
-0.24139
-0.24519
-0.25067
-0.2524
-0.25226
-0.25392
-0.25723
-0.25975
-0.25953
-0.26103
-0.26505
-0.26613
-0.26804
-0.27209
-0.27609
-0.27904
-0.2819
-0.28456
-0.28603
-0.28994
-0.29246
-0.2946
-0.29793
-0.30141
-0.30296
-0.30436
-0.30619
-0.3099
-0.31353
-0.31464
-0.31757
-0.31747
-0.31393
-0.30753
-0.31071
-0.31287
-0.31319
-0.31322
-0.31397
-0.31237
-0.31074
-0.31052
-0.31061
-0.31154
-0.31168
-0.31141
-0.31151
-0.3116
-0.3117
-0.3118
-0.31189
-0.31268
-0.3152
-0.31488
-0.31619
-0.31969
-0.3205
-0.3219
-0.32104
-0.3175
-0.32008
-0.32117
-0.32157
-0.32316
-0.32491
-0.32556
-0.32494
-0.32756
-0.33025
-0.33213
-0.33316
-0.33347
-0.33437
-0.33454
-0.33365
-0.33047
-0.33186
-0.33452
-0.33572
-0.33647
-0.33587
-0.33394
-0.33326
-0.33329
-0.33338
-0.33348
-0.33358
-0.33367
-0.33377
-0.33473
-0.33691
-0.3365
-0.33692
-0.33856
-0.3394
-0.34185
-0.34084
-0.33967
-0.33836
-0.33851
-0.33858
-0.33872
-0.33893
-0.33918
-0.33927
-0.34154
-0.34885
-0.35689
-0.36341
-0.3694
-0.3733
-0.37499
-0.37971
-0.3844
-0.38741
-0.39033
-0.3922
-0.39547
-0.39903
-0.40041
-0.40451
-0.40662
-0.41092
-0.40781
-0.40366
-0.3984
-0.39526
-0.39434
-0.3945
-0.39645
-0.40004
-0.40369
-0.40589
-0.40616
-0.40533
-0.40305
-0.40273
-0.40111
-0.40121
-0.40131
-0.4014
-0.40205
-0.40431
-0.40643
-0.40823
-0.40888
-0.40497
-0.40565
-0.40858
-0.41197
-0.41287
-0.40934
-0.40829
-0.40911
-0.41172
-0.41002
-0.411
-0.41104
-0.41446
-0.41834
-0.42282
-0.42508
-0.42557
-0.42713
-0.42837
-0.42964
-0.42498
-0.42138
-0.42112
-0.42133
-0.4229
-0.42314
-0.42346
-0.42257
-0.42267
-0.42515
-0.42804
-0.42936
-0.42603
-0.42531
-0.4254
-0.4255
-0.42559
-0.42569
-0.42644
-0.42904
-0.43321
-0.43653
-0.4392
-0.44151
-0.44324
-0.44178
-0.44649
-0.44884
-0.45043
-0.45268
-0.45436
-0.45508
-0.45366
-0.4536
-0.45207
-0.45157
-0.453
-0.45182
-0.4536
-0.45524
-0.45754
-0.45852
-0.45763
-0.45608
-0.45501
-0.45423
-0.45404
-0.45409
-0.455
-0.45541
-0.45587
-0.45673
-0.45603
-0.4558
-0.45588
-0.45598
-0.45607
-0.4562
-0.46078
-0.46685
-0.47115
-0.46986
-0.46879
-0.4633
-0.46323
-0.46333
-0.46823
-0.47719
-0.48459
-0.48911
-0.49004
-0.49049
-0.4932
-0.50182
-0.51205
-0.51314
-0.51089
-0.50805
-0.50453
-0.50113
-0.49632
-0.49616
-0.49626
-0.49956
-0.51118
-0.5166
-0.52016
-0.52511
-0.52948
-0.52986
-0.53159
-0.5336
-0.53469
-0.53924
-0.54415
-0.54733
-0.55022
-0.55332
-0.55616
-0.55443
-0.55165
-0.54591
-0.54126
-0.54026
-0.54035
-0.54045
-0.54055
-0.54589
-0.55772
-0.55922
-0.55176
-0.54744
-0.54747
-0.54757
-0.54767
-0.54851
-0.55168
-0.55473
-0.55702
-0.55803
-0.5595
-0.56063
-0.56047
-0.55713
-0.5552
-0.55512
-0.55574
-0.55944
-0.562
-0.56208
-0.5589
-0.55823
-0.55832
-0.55842
-0.55852
-0.55922
-0.56325
-0.56685
-0.56882
-0.56972
-0.57034
-0.57121
-0.57214
-0.57277
-0.57134
-0.56832
-0.56747
-0.56756
-0.56815
-0.56952
-0.57138
-0.57283
-0.57338
-0.57404
-0.57404
-0.57161
-0.57143
-0.57153
-0.57163
-0.57198
-0.57382
-0.57437
-0.57458
-0.57485
-0.57577
-0.57681
-0.57755
-0.57927
-0.57747
-0.5761
-0.57618
-0.57628
-0.57637
-0.57647
-0.57657
-0.57666
-0.57676
-0.57686
-0.57696
-0.57786
-0.57997
-0.58092
-0.58005
-0.58063
-0.58255
-0.5815
-0.58349
-0.58462
-0.58513
-0.58595
-0.58668
-0.58805
-0.58958
-0.59022
-0.59071
-0.59189
-0.59248
-0.59389
-0.5908
-0.58898
-0.58901
-0.58911
-0.58921
-0.5893
-0.5894
-0.5895
-0.5896
-0.58975
-0.59222
-0.59477
-0.59517
-0.59516
-0.59449
-0.59838
-0.60404
-0.60883
-0.61068
-0.61225
-0.61511
-0.61844
-0.62236
-0.62452
-0.62769
-0.62996
-0.63203
-0.63283
-0.63487
-0.63607
-0.63741
-0.63966
-0.64349
-0.6458
-0.64549
-0.64647
-0.64787
-0.64786
-0.64648
-0.64437
-0.64391
-0.64167
-0.6406
-0.64009
-0.64019
-0.64029
-0.64071
-0.64376
-0.64681
-0.64914
-0.65054
-0.65204
-0.6531
-0.65333
-0.65052
-0.64818
-0.64782
-0.64811
-0.65118
-0.65448
-0.65496
-0.65219
-0.65098
-0.65107
-0.65117
-0.65127
-0.6516
-0.65484
-0.65912
-0.66143
-0.66231
-0.66308
-0.66389
-0.66488
-0.66555
-0.66483
-0.66174
-0.66032
-0.6604
-0.6608
-0.66193
-0.6639
-0.66556
-0.66618
-0.66697
-0.66719
-0.66484
-0.66431
-0.66441
-0.66451
-0.66467
-0.66642
-0.6672
-0.66739
-0.66772
-0.66843
-0.66959
-0.67042
-0.67191
-0.67115
-0.66916
-0.66915
-0.66925
-0.66935
-0.66945
-0.66955
-0.6703
-0.67232
-0.67449
-0.67543
-0.67586
-0.67383
-0.6728
-0.67286
-0.67296
-0.67307
-0.67399
-0.67532
-0.67678
-0.67783
-0.67725
-0.67565
-0.67571
-0.67742
-0.68002
-0.68185
-0.68263
-0.68202
-0.68007
-0.67931
-0.67995
-0.68213
-0.68458
-0.68622
-0.68668
-0.68707
-0.68771
-0.68993
-0.69178
-0.69244
-0.6926
-0.69265
-0.6932
-0.69335
-0.69195
-0.69248
-0.69397
-0.69527
-0.69658
-0.69688
-0.69657
-0.69776
-0.69927
-0.69965
-0.69984
-0.70083
-0.70135
-0.70163
-0.70197
-0.70231
-0.70194
-0.70322
-0.7041
-0.70446
-0.705
-0.70542
-0.70552
-0.70332
-0.70322
-0.70473
-0.70684
-0.70935
-0.71004
-0.71011
-0.70941
-0.71023
-0.71066
-0.71187
-0.7123
-0.71222
-0.71062
-0.71005
-0.71015
-0.71025
-0.71035
-0.71045
-0.71055
-0.71073
-0.71302
-0.71525
-0.71689
-0.71731
-0.71614
-0.71462
-0.7146
-0.71477
-0.7146
-0.71477
-0.71627
-0.71818
-0.71912
-0.72025
-0.72126
-0.7221
-0.72251
-0.72189
-0.72024
-0.71976
-0.71986
-0.71996
-0.72008
-0.72232
-0.72412
-0.7219
-0.72183
-0.72193
-0.7221
-0.72336
-0.72378
-0.72563
-0.72629
-0.7269
-0.72691
-0.72691
-0.72691
-0.72691
-0.72691
-0.72691
-0.72691
-0.72691
-0.72691
-0.72691
-0.72691
-0.72691
-0.72688
-0.72731
-0.72587
-0.72559
-0.72568
-0.7258
-0.726
-0.72678
-0.72701
-0.72966
-0.73101
-0.73132
-0.73199
-0.73296
-0.73417
-0.73525
-0.73207
-0.7313
-0.7314
-0.7315
-0.7316
-0.7317
-0.73189
-0.7337
-0.73544
-0.73587
-0.73555
-0.73453
-0.73415
-0.73425
-0.73437
-0.74062
-0.74704
-0.75238
-0.7508
-0.7505
-0.74548
-0.74528
-0.7454
-0.75103
-0.76145
-0.77029
-0.77599
-0.77669
-0.77704
-0.77962
-0.78956
-0.80196
-0.80414
-0.80137
-0.79807
-0.79449
-0.79137
-0.78675
-0.78652
-0.78662
-0.79008
-0.80453
-0.81104
-0.81549
-0.82073
-0.82595
-0.82632
-0.82779
-0.82983
-0.83054
-0.83576
-0.84179
-0.84594
-0.84924
-0.85379
-0.85883
-0.86037
-0.86345
-0.86643
-0.86968
-0.87264
-0.87518
-0.87822
-0.88041
-0.88303
-0.886
-0.88908
-0.89143
-0.89468
-0.89828
-0.90441
-0.91035
-0.91825
-0.92377
-0.92752
-0.93087
-0.93862
-0.94977
-0.95398
-0.96231
-0.96641
-0.96415
-0.96258
-0.96782
-0.97182
-0.97304
-0.9779
-0.98324
-0.98845
-0.99292
-0.99575
-1.0001
-1.0051
-1.00945
-1.01517
-1.01906
-1.02248
-1.0257
-1.02761
-1.03
-1.03289
-1.03549
-1.03491
-1.03802
-1.04135
-1.04467
-1.04766
-1.04568
-1.04253
-1.03712
-1.03302
-1.03202
-1.03213
-1.03378
-1.03961
-1.03662
-1.04027
-1.04228
-1.03978
-1.04171
-1.04703
-1.04386
-1.046
-1.05162
-1.04814
-1.04817
-1.04851
-1.05748
-1.07243
-1.07213
-1.06517
-1.06222
-1.06233
-1.06243
-1.06417
-1.06761
-1.07009
-1.07232
-1.07398
-1.0744
-1.07603
-1.07737
-1.07845
-1.08095
-1.08399
-1.08614
-1.08824
-1.09035
-1.092
-1.09355
-1.09514
-1.09633
-1.09873
-1.10124
-1.10292
-1.10496
-1.10635
-1.10719
-1.10918
-1.11085
-1.10973
-1.10915
-1.1119
-1.11447
-1.11664
-1.11892
-1.12114
-1.12173
-1.12274
-1.12225
-1.12479
-1.12598
-1.12807
-1.12866
-1.13016
-1.1305
-1.13166
-1.13418
-1.13669
-1.13936
-1.14088
-1.14227
-1.14451
-1.14625
-1.14832
-1.15034
-1.15124
-1.15189
-1.15284
-1.15309
-1.15112
-1.15045
-1.15026
-1.15517
-1.15876
-1.16136
-1.16346
-1.16583
-1.16949
-1.17373
-1.17807
-1.18117
-1.18442
-1.187
-1.18899
-1.19082
-1.19312
-1.19561
-1.19795
-1.19971
-1.20273
-1.20535
-1.20705
-1.21066
-1.2133
-1.21561
-1.21869
-1.22237
-1.22455
-1.22674
-1.22902
-1.23134
-1.23401
-1.23649
-1.23901
-1.24163
-1.24424
-1.24599
-1.24747
-1.24917
-1.25141
-1.25373
-1.25592
-1.2578
-1.2598
-1.26191
-1.26415
-1.26697
-1.26953
-1.27219
-1.2746
-1.27695
-1.27924
-1.28121
-1.28292
-1.28432
-1.28575
-1.28753
-1.28943
-1.29035
-1.29087
-1.29308
-1.2949
-1.29599
-1.29838
-1.29894
-1.30062
-1.30525
-1.30892
-1.31209
-1.31218
-1.31051
-1.31348
-1.31713
-1.31934
-1.32125
-1.32412
-1.32594
-1.32774
-1.32827
-1.33007
-1.33316
-1.33604
-1.33948
-1.34286
-1.3458
-1.34986
-1.35171
-1.35308
-1.35347
-1.35398
-1.35313
-1.34899
-1.34482
-1.34298
-1.34266
-1.34276
-1.34286
-1.34297
-1.34307
-1.34318
-1.34328
-1.34356
-1.34479
-1.3448
-1.34619
-1.34616
-1.34516
-1.3452
-1.3453
-1.34541
-1.347
-1.34861
-1.34732
-1.35032
-1.3522
-1.35292
-1.34928
-1.34934
-1.34944
-1.35009
-1.35442
-1.35786
-1.35457
-1.35265
-1.3527
-1.35281
-1.356
-1.36113
-1.36417
-1.36517
-1.36444
-1.36276
-1.36682
-1.36899
-1.37061
-1.37302
-1.37138
-1.3664
-1.3666
-1.36669
-1.3668
-1.3669
-1.36701
-1.36711
-1.36722
-1.36887
-1.36965
-1.37106
-1.37255
-1.37375
-1.37622
-1.37675
-1.37543
-1.37498
-1.37318
-1.37328
-1.37339
-1.37349
-1.3736
-1.3737
-1.37561
-1.38049
-1.38477
-1.39016
-1.39077
-1.39077
-1.39077
-1.39077
-1.39077
-1.39077
-1.39077
-1.39077
-1.39077
-1.39077
-1.39077
-1.39077
-1.39119
-1.391
-1.3936
-1.39703
-1.39946
-1.39902
-1.4017
-1.40562
-1.40674
-1.40939
-1.4139
-1.41797
-1.4213
-1.42447
-1.42691
-1.42902
-1.43369
-1.43596
-1.43864
-1.44279
-1.44573
-1.44733
-1.44942
-1.45169
-1.45584
-1.45962
-1.4607
-1.46335
-1.46338
-1.4583
-1.44986
-1.45433
-1.45577
-1.45602
-1.4565
-1.45713
-1.45489
-1.45352
-1.45337
-1.4535
-1.45453
-1.45471
-1.45434
-1.45444
-1.45455
-1.45465
-1.45476
-1.45487
-1.45635
-1.45917
-1.45759
-1.46035
-1.46375
-1.46444
-1.46614
-1.46365
-1.46104
-1.46426
-1.46525
-1.46568
-1.46749
-1.46952
-1.46976
-1.46925
-1.47275
-1.47541
-1.4772
-1.47814
-1.47855
-1.47954
-1.47972
-1.4786
-1.47518
-1.47767
-1.47991
-1.48125
-1.48177
-1.4803
-1.47904
-1.47825
-1.47833
-1.47844
-1.47855
-1.47865
-1.47876
-1.47886
-1.48048
-1.48244
-1.4819
-1.48286
-1.48441
-1.48583
-1.48745
-1.48664
-1.48508
-1.48404
-1.48418
-1.48448
-1.4845
-1.4847
-1.4849
-1.48505
-1.48911
-1.49763
-1.50631
-1.51327
-1.51922
-1.52338
-1.52571
-1.53105
-1.53617
-1.53893
-1.54206
-1.54415
-1.54827
-1.55196
-1.55372
-1.55777
-1.5604
-1.56506
-1.5588
-1.55527
-1.54953
-1.54697
-1.54639
-1.54668
-1.5492
-1.55335
-1.55722
-1.55934
-1.55944
-1.55774
-1.55588
-1.55548
-1.55383
-1.55393
-1.55404
-1.55414
-1.5552
-1.55783
-1.56019
-1.5618
-1.56221
-1.55799
-1.55929
-1.56288
-1.56641
-1.56609
-1.56255
-1.56169
-1.56311
-1.56557
-1.5635
-1.56447
-1.56519
-1.56932
-1.57354
-1.57823
-1.58017
-1.5809
-1.58262
-1.58381
-1.58508
-1.57899
-1.57606
-1.57601
-1.57668
-1.57791
-1.57826
-1.57845
-1.57768
-1.57784
-1.5813
-1.58431
-1.58441
-1.58117
-1.58076
-1.58087
-1.58098
-1.58108
-1.58119
-1.58285
-1.58578
-1.58977
-1.59399
-1.59615
-1.59936
-1.59903
-1.59947
-1.60456
-1.60675
-1.60895
-1.61065
-1.61298
-1.61264
-1.61186
-1.61178
-1.60942
-1.60951
-1.61078
-1.60979
-1.61209
-1.61424
-1.61635
-1.61706
-1.6159
-1.61444
-1.61308
-1.61235
-1.61222
-1.61231
-1.61354
-1.61376
-1.61464
-1.61515
-1.61424
-1.61415
-1.61426
-1.61436
-1.61447
-1.6148
-1.62061
-1.62751
-1.63109
-1.63031
-1.62708
-1.6224
-1.62247
-1.62303
-1.62975
-1.63972
-1.64751
-1.65138
-1.65249
-1.65299
-1.65698
-1.6673
-1.6777
-1.67727
-1.67479
-1.67169
-1.66747
-1.66306
-1.65928
-1.65929
-1.6594
-1.6653
-1.67721
-1.68284
-1.68628
-1.69217
-1.69631
-1.69708
-1.69875
-1.70102
-1.70126
-1.70786
-1.71334
-1.71674
-1.72003
-1.72348
-1.72577
-1.72349
-1.71996
-1.71363
-1.7091
-1.70852
-1.70863
-1.70874
-1.70907
-1.71737
-1.72971
-1.72829
-1.72016
-1.71669
-1.71678
-1.71689
-1.71699
-1.71844
-1.72193
-1.72522
-1.72755
-1.72883
-1.73018
-1.7314
-1.73055
-1.72686
-1.72517
-1.72521
-1.72634
-1.73036
-1.73286
-1.7322
-1.72902
-1.72865
-1.72876
-1.72887
-1.72897
-1.73022
-1.73489
-1.73874
-1.74049
-1.74149
-1.74213
-1.74306
-1.74405
-1.74477
-1.74247
-1.7394
-1.73887
-1.73899
-1.73979
-1.74155
-1.74353
-1.74487
-1.74561
-1.74612
-1.74549
-1.74328
-1.74326
-1.74336
-1.74347
-1.7442
-1.74599
-1.74652
-1.74682
-1.74709
-1.74832
-1.74937
-1.75012
-1.75215
-1.74942
-1.74844
-1.74854
-1.74865
-1.74876
-1.74887
-1.74897
-1.74908
-1.74919
-1.7493
-1.74941
-1.75084
-1.75315
-1.75369
-1.75272
-1.75385
-1.75558
-1.75433
-1.75698
-1.75782
-1.75842
-1.75922
-1.76008
-1.76196
-1.7634
-1.76415
-1.76474
-1.76577
-1.76672
-1.76797
-1.76397
-1.76252
-1.76262
-1.76272
-1.76283
-1.76294
-1.76305
-1.76316
-1.76326
-1.76362
-1.76689
-1.76887
-1.76955
-1.76881
-1.76892
-1.77422
-1.78011
-1.78511
-1.78669
-1.78856
-1.79189
-1.79588
-1.79966
-1.80227
-1.80566
-1.80804
-1.81012
-1.81097
-1.81341
-1.81441
-1.81602
-1.81889
-1.82308
-1.825
-1.82503
-1.82607
-1.82745
-1.82702
-1.82533
-1.82325
-1.82266
-1.82042
-1.81911
-1.81879
-1.8189
-1.81901
-1.81984
-1.82335
-1.82673
-1.82923
-1.83042
-1.83206
-1.83329
-1.83319
-1.82964
-1.82742
-1.82728
-1.82789
-1.83187
-1.83485
-1.83501
-1.83159
-1.83074
-1.83085
-1.83096
-1.83106
-1.83176
-1.83607
-1.84022
-1.84245
-1.84342
-1.84416
-1.84511
-1.84616
-1.84686
-1.84545
-1.84212
-1.84109
-1.84119
-1.8418
-1.84327
-1.84535
-1.84702
-1.84763
-1.84839
-1.84844
-1.84576
-1.8455
-1.84561
-1.84572
-1.84607
-1.84809
-1.84875
-1.84896
-1.84929
-1.85026
-1.85143
-1.85227
-1.85412
-1.85234
-1.85074
-1.85081
-1.85092
-1.85103
-1.85114
-1.85125
-1.85239
-1.85473
-1.85689
-1.8578
-1.85783
-1.85556
-1.85477
-1.85486
-1.85497
-1.85514
-1.85644
-1.85758
-1.85953
-1.86046
-1.85914
-1.85784
-1.85813
-1.86029
-1.86313
-1.86492
-1.86561
-1.86444
-1.86242
-1.86193
-1.86308
-1.86536
-1.8682
-1.86961
-1.87011
-1.87053
-1.87132
-1.8741
-1.87574
-1.8763
-1.87651
-1.87661
-1.87721
-1.87719
-1.87549
-1.87654
-1.87834
-1.87953
-1.88094
-1.88109
-1.88096
-1.88241
-1.88385
-1.88417
-1.88443
-1.88552
-1.88594
-1.88634
-1.8867
-1.88682
-1.88687
-1.88823
-1.88905
-1.8894
-1.89012
-1.89065
-1.8901
-1.8879
-1.88802
-1.89022
-1.89233
-1.89498
-1.89548
-1.89555
-1.89482
-1.89574
-1.89639
-1.89767
-1.89787
-1.89782
-1.89576
-1.89549
-1.8956
-1.89571
-1.89582
-1.89593
-1.89604
-1.89644
-1.89915
-1.90152
-1.90325
-1.90343
-1.90179
-1.90047
-1.90052
-1.90063
-1.90047
-1.90084
-1.90258
-1.90452
-1.90571
-1.90679
-1.90797
-1.90878
-1.90916
-1.90812
-1.90632
-1.90613
-1.90624
-1.90635
-1.90662
-1.90966
-1.91054
-1.90829
-1.90842
-1.90852
-1.90887
-1.9101
-1.91082
-1.91286
-1.91341
-1.91398
-1.91387
-1.91412
-1.91262
-1.9125
-1.91261
-1.91274
-1.91304
-1.91382
-1.91455
-1.91724
-1.91861
-1.91887
-1.9197
-1.92074
-1.92229
-1.9224
-1.91915
-1.91878
-1.91889
-1.919
-1.9191
-1.91921
-1.9197
-1.92187
-1.92356
-1.92375
-1.92327
-1.92206
-1.92193
-1.92205
-1.92239
-1.92982
-1.93776
-1.94196
-1.94097
-1.93851
-1.93439
-1.93446
-1.93521
-1.94341
-1.95501
-1.96422
-1.96884
-1.96973
-1.96997
-1.97409
-1.9864
-1.99921
-1.99886
-1.99585
-1.99231
-1.98801
-1.98397
-1.98053
-1.98053
-1.98065
-1.98799
-2.00261
-2.00931
-2.01319
-2.01994
-2.02473
-2.02509
-2.02674
-2.02896
-2.02933
-2.03658
-2.0432
-2.04715
-2.05171
-2.05641
-2.06094
-2.06326
-2.06641
-2.06978
-2.07415
-2.07667
-2.07964
-2.0828
-2.08544
-2.08863
-2.09169
-2.09543
-2.09807
-2.10136
-2.10657
-2.11307
-2.11937
-2.13045
-2.13452
-2.13806
-2.14234
-2.15268
-2.16173
-2.16975
-2.17842
-2.18154
-2.17722
-2.17805
-2.18457
-2.1878
-2.19009
-2.19567
-2.20133
-2.20747
-2.21133
-2.21516
-2.22024
-2.22546
-2.23023
-2.23658
-2.24183
-2.24415
-2.24863
-2.25026
-2.25347
-2.25613
-2.25921
-2.25852
-2.26224
-2.26565
-2.26936
-2.27195
-2.26923
-2.26547
-2.25953
-2.25545
-2.25492
-2.25504
-2.25885
-2.26284
-2.25989
-2.26598
-2.26536
-2.26361
-2.26767
-2.27124
-2.26811
-2.27237
-2.27563
-2.27301
-2.27313
-2.27458
-2.2874
-2.30236
-2.29898
-2.29181
-2.28986
-2.28998
-2.29021
-2.29291
-2.29656
-2.29921
-2.30153
-2.30296
-2.30367
-2.30553
-2.30686
-2.30826
-2.31135
-2.3146
-2.31675
-2.31924
-2.32146
-2.32311
-2.32496
-2.3265
-2.3282
-2.3309
-2.33349
-2.3354
-2.33759
-2.33888
-2.34002
-2.34216
-2.34404
-2.34143
-2.34215
-2.3458
-2.34812
-2.35062
-2.35319
-2.35539
-2.35589
-2.3568
-2.35676
-2.35923
-2.36112
-2.36276
-2.36365
-2.36567
-2.36525
-2.3677
-2.37024
-2.37312
-2.37564
-2.37728
-2.37899
-2.38147
-2.38342
-2.3859
-2.38789
-2.38869
-2.3894
-2.39039
-2.39006
-2.38807
-2.38729
-2.38829
-2.39425
-2.39758
-2.40041
-2.40269
-2.40572
-2.41002
-2.41492
-2.41928
-2.42285
-2.42644
-2.42901
-2.43123
-2.43336
-2.43607
-2.43878
-2.44122
-2.44337
-2.44694
-2.4495
-2.45185
-2.45579
-2.4586
-2.4613
-2.46511
-2.46885
-2.47118
-2.47361
-2.47616
-2.47887
-2.48195
-2.48466
-2.48743
-2.49057
-2.4933
-2.49511
-2.49665
-2.49882
-2.50143
-2.50399
-2.5064
-2.50847
-2.51074
-2.51313
-2.51585
-2.51902
-2.52192
-2.52493
-2.5276
-2.53026
-2.53285
-2.53489
-2.53679
-2.5384
-2.53995
-2.54213
-2.544
-2.54481
-2.5457
-2.54837
-2.55018
-2.55144
-2.55428
-2.55436
-2.5577
-2.56293
-2.56678
-2.5702
-2.5686
-2.56855
-2.57251
-2.5768
-2.5785
-2.5813
-2.58426
-2.58657
-2.58804
-2.58893
-2.59133
-2.59493
-2.59854
-2.60259
-2.60644
-2.61023
-2.61487
-2.61656
-2.61804
-2.61841
-2.61859
-2.61735
-2.61175
-2.60821
-2.60651
-2.60644
-2.60655
-2.60666
-2.60678
-2.60689
-2.60701
-2.60713
-2.60776
-2.60878
-2.60891
-2.61045
-2.61009
-2.60928
-2.60935
-2.60946
-2.60962
-2.61215
-2.61251
-2.61254
-2.6159
-2.61765
-2.61781
-2.61436
-2.61448
-2.61461
-2.61602
-2.62227
-2.62444
-2.61998
-2.61881
-2.61891
-2.61916
-2.624
-2.63016
-2.63319
-2.63398
-2.63239
-2.63211
-2.63666
-2.63901
-2.64097
-2.64348
-2.63845
-2.63604
-2.63623
-2.63635
-2.63647
-2.63658
-2.6367
-2.63682
-2.63701
-2.63914
-2.63996
-2.64158
-2.6433
-2.64496
-2.64778
-2.64785
-2.64592
-2.64501
-2.64377
-2.64388
-2.644
-2.64412
-2.64424
-2.64437
-2.64758
-2.65364
-2.66001
-2.66604
-2.66646
-2.66645
-2.67057
-2.67469
-2.67646
-2.67643
-2.68141
-2.685
-2.68637
-2.69052
-2.69557
-2.69557
-2.69557
-2.69557
-2.69557
-2.69557
-2.69557
-2.69557
-2.69557
-2.69557
-2.69557
-2.69557
-2.69557
-2.69557
-2.69557
-2.69557
-2.69557
-2.69557
-2.69557
-2.69557
-2.69557
-2.69557
-2.69557
-2.69557
-2.69557
-2.69557
-2.69557
-2.69557
-2.69557
-2.69557
-2.69557
-2.69557
-2.69557
-2.69557
-2.69557
-2.69557
-2.69557
-2.69557
-2.69557
-2.69557
-2.69557
-2.69557
-2.69557
-2.69557
-2.69557
-2.69557
-2.69557
-2.69557
-2.69557
-2.69557
-2.69557
-2.69557
-2.69557
-2.69557
-2.69557
-2.69557
-2.69557
-2.69557
-2.69557
-2.69557
-0.00077
-0.00382
-0.00675
-0.00946
-0.01127
-0.01299
-0.01484
-0.01706
-0.01923
-0.02091
-0.02309
-0.0259
-0.02759
-0.02999
-0.03282
-0.03495
-0.03731
-0.04051
-0.04309
-0.04499
-0.04698
-0.04895
-0.05125
-0.05367
-0.05581
-0.05806
-0.06055
-0.06253
-0.06369
-0.06514
-0.06703
-0.0691
-0.07119
-0.07297
-0.07465
-0.07647
-0.07842
-0.08085
-0.08313
-0.08549
-0.08778
-0.08988
-0.09199
-0.09398
-0.09555
-0.097
-0.09822
-0.09952
-0.10132
-0.10261
-0.10299
-0.10418
-0.1063
-0.10747
-0.10878
-0.11088
-0.11094
-0.11437
-0.11803
-0.12099
-0.12295
-0.12057
-0.12209
-0.12547
-0.12857
-0.12953
-0.13198
-0.1339
-0.13596
-0.13654
-0.13762
-0.13985
-0.1425
-0.14561
-0.14871
-0.15136
-0.15454
-0.15733
-0.15853
-0.15916
-0.15983
-0.15943
-0.15803
-0.15385
-0.1516
-0.15062
-0.15067
-0.15076
-0.15086
-0.15095
-0.15105
-0.15114
-0.15124
-0.15208
-0.15252
-0.15292
-0.15379
-0.15315
-0.15291
-0.15299
-0.15308
-0.15351
-0.15594
-0.15458
-0.15624
-0.15844
-0.15975
-0.15818
-0.15685
-0.15695
-0.15708
-0.15913
-0.16398
-0.16365
-0.16014
-0.15987
-0.15996
-0.16096
-0.16518
-0.16952
-0.17091
-0.1714
-0.16863
-0.17094
-0.17398
-0.17531
-0.17726
-0.17907
-0.17546
-0.17535
-0.17541
-0.17551
-0.1756
-0.1757
-0.17579
-0.17589
-0.17643
-0.17789
-0.17881
-0.17999
-0.1813
-0.18292
-0.18453
-0.18461
-0.18323
-0.1818
-0.18146
-0.18156
-0.18165
-0.18175
-0.18184
-0.18224
-0.18568
-0.18986
-0.19515
-0.19767
-0.19757
-0.19846
-0.20174
-0.20433
-0.2049
-0.20579
-0.20967
-0.21141
-0.21255
-0.21639
-0.22052
-0.22331
-0.2263
-0.22922
-0.23073
-0.23425
-0.23748
-0.23925
-0.24253
-0.24597
-0.24755
-0.24899
-0.25078
-0.25436
-0.25778
-0.25967
-0.26181
-0.26251
-0.26059
-0.25449
-0.25562
-0.25862
-0.25883
-0.25907
-0.25975
-0.25876
-0.2569
-0.25646
-0.25652
-0.25719
-0.25747
-0.25735
-0.2574
-0.2575
-0.25759
-0.25769
-0.25778
-0.25811
-0.26063
-0.26148
-0.26124
-0.26478
-0.26641
-0.26709
-0.26803
-0.26371
-0.26512
-0.26688
-0.26738
-0.2687
-0.27012
-0.2714
-0.27096
-0.27265
-0.27546
-0.27732
-0.27864
-0.27885
-0.27983
-0.28023
-0.27965
-0.27678
-0.27667
-0.27997
-0.28094
-0.28203
-0.28198
-0.27959
-0.2792
-0.27894
-0.27903
-0.27913
-0.27922
-0.27932
-0.27941
-0.28001
-0.28251
-0.28216
-0.28247
-0.28409
-0.28462
-0.28759
-0.28624
-0.28571
-0.2843
-0.28432
-0.28433
-0.28451
-0.28469
-0.28487
-0.28508
-0.28617
-0.29257
-0.30121
-0.30776
-0.31381
-0.31755
-0.32001
-0.32384
-0.32926
-0.3323
-0.3352
-0.33709
-0.33989
-0.34318
-0.34536
-0.34951
-0.35117
-0.35469
-0.3551
-0.34984
-0.34525
-0.34127
-0.34015
-0.34016
-0.34157
-0.34494
-0.34856
-0.35128
-0.35187
-0.35166
-0.34895
-0.34836
-0.34677
-0.34684
-0.34694
-0.34703
-0.34735
-0.34935
-0.35169
-0.35339
-0.35451
-0.35131
-0.35099
-0.3534
-0.35705
-0.35857
-0.35565
-0.354
-0.35421
-0.35676
-0.35609
-0.3564
-0.3563
-0.35921
-0.36288
-0.3674
-0.37046
-0.37068
-0.37232
-0.3736
-0.37509
-0.37221
-0.36744
-0.36681
-0.36691
-0.36862
-0.36878
-0.3693
-0.36832
-0.36837
-0.36991
-0.37317
-0.37511
-0.37239
-0.37108
-0.37115
-0.37125
-0.37134
-0.37144
-0.37161
-0.3739
-0.37846
-0.38135
-0.38468
-0.38648
-0.38913
-0.38639
-0.39082
-0.39399
-0.39521
-0.3978
-0.3988
-0.40069
-0.39897
-0.39907
-0.39847
-0.39697
-0.39803
-0.39719
-0.39839
-0.40003
-0.4028
-0.40368
-0.40339
-0.40138
-0.40062
-0.39963
-0.39942
-0.39946
-0.40006
-0.40079
-0.40088
-0.40206
-0.40163
-0.40115
-0.40121
-0.4013
-0.4014
-0.40151
-0.40565
-0.41082
-0.41626
-0.41485
-0.41525
-0.40905
-0.40832
-0.40842
-0.41156
-0.41983
-0.42774
-0.43339
-0.43427
-0.43498
-0.43699
-0.44456
-0.45478
-0.4585
-0.45613
-0.45329
-0.45037
-0.44736
-0.44153
-0.44087
-0.44096
-0.44248
-0.4537
-0.46007
-0.46413
-0.46825
-0.47315
-0.47408
-0.47556
-0.47762
-0.47847
-0.48246
-0.48779
-0.49094
-0.49417
-0.49725
-0.50025
-0.49929
-0.49637
-0.49109
-0.48625
-0.48476
-0.48485
-0.48494
-0.48504
-0.48867
-0.49885
-0.50413
-0.49791
-0.49203
-0.49178
-0.49188
-0.49197
-0.4924
-0.49541
-0.49842
-0.50069
-0.50208
-0.50355
-0.5046
-0.5048
-0.50204
-0.49973
-0.49937
-0.49966
-0.50269
-0.50591
-0.50637
-0.50364
-0.50246
-0.50255
-0.50265
-0.50274
-0.50308
-0.50629
-0.51048
-0.51275
-0.51362
-0.51439
-0.51518
-0.51616
-0.51682
-0.51609
-0.51303
-0.51165
-0.51173
-0.51212
-0.51324
-0.51517
-0.51681
-0.51741
-0.51818
-0.5184
-0.5161
-0.51559
-0.51569
-0.51579
-0.51594
-0.51767
-0.51845
-0.51863
-0.51895
-0.51966
-0.52079
-0.5216
-0.52305
-0.52228
-0.52036
-0.52036
-0.52046
-0.52056
-0.52065
-0.52075
-0.52085
-0.52096
-0.52632
-0.53252
-0.53857
-0.53715
-0.53763
-0.53226
-0.53167
-0.53177
-0.53595
-0.54555
-0.55474
-0.56141
-0.56207
-0.56258
-0.56455
-0.57326
-0.58537
-0.58982
-0.58691
-0.58366
-0.58042
-0.57735
-0.57234
-0.57179
-0.57189
-0.57393
-0.58746
-0.595
-0.59954
-0.60425
-0.60972
-0.61062
-0.61204
-0.61405
-0.61469
-0.61898
-0.62505
-0.62976
-0.63278
-0.63716
-0.64207
-0.64373
-0.64684
-0.64972
-0.65282
-0.65619
-0.65879
-0.66152
-0.66398
-0.66637
-0.66918
-0.67224
-0.67447
-0.67764
-0.68086
-0.68679
-0.69263
-0.69936
-0.70601
-0.71019
-0.71292
-0.71948
-0.73126
-0.73462
-0.74331
-0.74794
-0.74675
-0.74448
-0.74878
-0.75327
-0.75449
-0.75867
-0.7643
-0.7691
-0.77378
-0.77692
-0.78063
-0.78576
-0.79012
-0.79536
-0.79909
-0.80321
-0.80583
-0.80826
-0.81036
-0.81346
-0.81587
-0.81556
-0.81804
-0.82144
-0.8247
-0.82791
-0.82659
-0.82312
-0.81819
-0.81383
-0.81262
-0.81273
-0.81361
-0.82004
-0.81749
-0.81948
-0.82325
-0.82027
-0.82123
-0.82728
-0.82451
-0.82541
-0.83209
-0.82842
-0.82828
-0.82839
-0.83509
-0.84967
-0.85251
-0.8458
-0.8419
-0.84197
-0.84207
-0.84217
-0.84227
-0.84237
-0.84264
-0.84466
-0.84645
-0.84637
-0.84573
-0.84769
-0.84775
-0.84785
-0.85003
-0.85058
-0.85132
-0.85186
-0.85285
-0.8548
-0.85571
-0.85634
-0.85731
-0.85774
-0.85929
-0.85833
-0.85516
-0.8547
-0.8548
-0.8549
-0.855
-0.8551
-0.8552
-0.8553
-0.8554
-0.85646
-0.86007
-0.86066
-0.8619
-0.85994
-0.8619
-0.86795
-0.87308
-0.87637
-0.87773
-0.87998
-0.88325
-0.88745
-0.88979
-0.89282
-0.8956
-0.89785
-0.89904
-0.90044
-0.90244
-0.90357
-0.90518
-0.90843
-0.91211
-0.91246
-0.91292
-0.91409
-0.91513
-0.91403
-0.9121
-0.91088
-0.90925
-0.90805
-0.90687
-0.90693
-0.90703
-0.90714
-0.909
-0.9122
-0.91513
-0.91722
-0.91856
-0.91963
-0.92068
-0.91928
-0.91594
-0.91473
-0.91481
-0.91634
-0.9201
-0.92202
-0.9207
-0.91815
-0.91802
-0.91812
-0.91822
-0.91832
-0.91999
-0.92433
-0.92781
-0.92926
-0.93009
-0.93076
-0.93162
-0.93252
-0.93303
-0.93035
-0.9278
-0.92756
-0.92771
-0.92854
-0.93038
-0.9322
-0.93325
-0.93403
-0.93439
-0.93319
-0.93157
-0.93163
-0.93173
-0.93184
-0.93289
-0.93423
-0.93468
-0.93501
-0.93531
-0.93662
-0.93752
-0.9383
-0.93999
-0.93706
-0.93649
-0.93659
-0.93669
-0.93679
-0.9369
-0.93709
-0.93867
-0.94104
-0.94263
-0.94337
-0.94215
-0.94044
-0.94026
-0.94036
-0.94047
-0.94081
-0.94244
-0.94351
-0.94492
-0.94538
-0.94357
-0.94313
-0.94411
-0.94641
-0.94887
-0.95015
-0.95034
-0.94837
-0.94697
-0.94701
-0.94905
-0.95097
-0.95339
-0.95426
-0.95468
-0.95518
-0.95646
-0.95888
-0.96004
-0.96042
-0.96059
-0.96091
-0.96134
-0.96059
-0.95974
-0.96109
-0.96284
-0.96392
-0.965
-0.9645
-0.96513
-0.96661
-0.96762
-0.9679
-0.96853
-0.9693
-0.96947
-0.96995
-0.97044
-0.96989
-0.97093
-0.97191
-0.97242
-0.97276
-0.9734
-0.97422
-0.97229
-0.9713
-0.97177
-0.97421
-0.97647
-0.97819
-0.97838
-0.97824
-0.97807
-0.97877
-0.97972
-0.98068
-0.98054
-0.98003
-0.9783
-0.97838
-0.97849
-0.97859
-0.97869
-0.97879
-0.97889
-0.98009
-0.98276
-0.98467
-0.98572
-0.98505
-0.98331
-0.98296
-0.98313
-0.98301
-0.98303
-0.98408
-0.98591
-0.98701
-0.98849
-0.98932
-0.99036
-0.99093
-0.99102
-0.98944
-0.9882
-0.98833
-0.98843
-0.98853
-0.98942
-0.99264
-0.99129
-0.99033
-0.99043
-0.99054
-0.99151
-0.9921
-0.99339
-0.99487
-0.99538
-0.99573
-0.99576
-0.99508
-0.99418
-0.99425
-0.99436
-0.99449
-0.99499
-0.99532
-0.99738
-0.99922
-0.99993
-1.00038
-1.00133
-1.0023
-1.004
-1.00198
-1.00009
-1.00014
-1.00024
-1.00034
-1.00044
-1.00054
-1.00174
-1.00369
-1.00479
-1.00468
-1.00402
-1.00301
-1.00309
-1.00433
-1.0077
-1.01035
-1.01258
-1.01435
-1.01477
-1.01638
-1.01775
-1.01878
-1.02101
-1.02402
-1.02632
-1.02832
-1.03049
-1.03222
-1.03367
-1.03533
-1.03644
-1.03873
-1.04121
-1.04299
-1.04499
-1.0465
-1.04737
-1.04921
-1.0509
-1.05088
-1.04928
-1.05159
-1.05448
-1.05649
-1.05889
-1.06113
-1.06193
-1.06281
-1.0625
-1.0647
-1.06583
-1.06812
-1.06865
-1.06999
-1.07086
-1.07133
-1.074
-1.07646
-1.07916
-1.08072
-1.08213
-1.08417
-1.08603
-1.08789
-1.09009
-1.09119
-1.09175
-1.09271
-1.09317
-1.09151
-1.09059
-1.09007
-1.09426
-1.09828
-1.10091
-1.10302
-1.1053
-1.10877
-1.11288
-1.11727
-1.12045
-1.12372
-1.1264
-1.12838
-1.13021
-1.13243
-1.1349
-1.13729
-1.13898
-1.14185
-1.14466
-1.1463
-1.14965
-1.15242
-1.15471
-1.15757
-1.16135
-1.16367
-1.1658
-1.16807
-1.17033
-1.17297
-1.17547
-1.17794
-1.18052
-1.18317
-1.18504
-1.18646
-1.18807
-1.19026
-1.19256
-1.19478
-1.19671
-1.1986
-1.20069
-1.20287
-1.20566
-1.20819
-1.21083
-1.21327
-1.2156
-1.21792
-1.21994
-1.2217
-1.22313
-1.22449
-1.22616
-1.22813
-1.22919
-1.22957
-1.23152
-1.23352
-1.23465
-1.23669
-1.23793
-1.23886
-1.24331
-1.24717
-1.25036
-1.25128
-1.24912
-1.25165
-1.25533
-1.25799
-1.2595
-1.26238
-1.26425
-1.26625
-1.26676
-1.26832
-1.27124
-1.27407
-1.27756
-1.28094
-1.28387
-1.2878
-1.29003
-1.29135
-1.29182
-1.29249
-1.29173
-1.28849
-1.28388
-1.28175
-1.28119
-1.28129
-1.28139
-1.2815
-1.2816
-1.28171
-1.28181
-1.28197
-1.28323
-1.28337
-1.28442
-1.28475
-1.28381
-1.28378
-1.28389
-1.28399
-1.28515
-1.28737
-1.28555
-1.28844
-1.29036
-1.29149
-1.28824
-1.28801
-1.28811
-1.28844
-1.29204
-1.29638
-1.294
-1.2913
-1.29131
-1.29141
-1.29374
-1.29886
-1.30248
-1.30364
-1.30345
-1.30087
-1.30453
-1.30728
-1.30871
-1.31102
-1.31173
-1.30474
-1.305
-1.30506
-1.30517
-1.30527
-1.30538
-1.30548
-1.30559
-1.30682
-1.30803
-1.30934
-1.31064
-1.31201
-1.31408
-1.31533
-1.31465
-1.31339
-1.31146
-1.31143
-1.31153
-1.31164
-1.31174
-1.31185
-1.31314
-1.31771
-1.32191
-1.32777
-1.32943
-1.32925
-1.33136
-1.33492
-1.33758
-1.33723
-1.33925
-1.34353
-1.3447
-1.34704
-1.35153
-1.35576
-1.35907
-1.36219
-1.36496
-1.36682
-1.37124
-1.3739
-1.37639
-1.38023
-1.3837
-1.38538
-1.38712
-1.38922
-1.39332
-1.39725
-1.39838
-1.40147
-1.4014
-1.39696
-1.38777
-1.39175
-1.39375
-1.39405
-1.39423
-1.39499
-1.39301
-1.39139
-1.3912
-1.39132
-1.39236
-1.39251
-1.39217
-1.39228
-1.39238
-1.39249
-1.39259
-1.3927
-1.39381
-1.3966
-1.39575
-1.39769
-1.40138
-1.40217
-1.40381
-1.40221
-1.39884
-1.40183
-1.40292
-1.40336
-1.40514
-1.40712
-1.40762
-1.40699
-1.41011
-1.41294
-1.41491
-1.41595
-1.41631
-1.4173
-1.41748
-1.41636
-1.41287
-1.41478
-1.41742
-1.41879
-1.41953
-1.41856
-1.41679
-1.41598
-1.41605
-1.41615
-1.41626
-1.41637
-1.41647
-1.41658
-1.41785
-1.42011
-1.41961
-1.42025
-1.42195
-1.42311
-1.42542
-1.4245
-1.42314
-1.42186
-1.42203
-1.42218
-1.42231
-1.42254
-1.4228
-1.4229
-1.426
-1.43426
-1.44302
-1.45012
-1.45646
-1.46068
-1.46268
-1.468
-1.47309
-1.47615
-1.47935
-1.48138
-1.48515
-1.48905
-1.49062
-1.49496
-1.49737
-1.50209
-1.49735
-1.49308
-1.48746
-1.48441
-1.48356
-1.48378
-1.48606
-1.49006
-1.49402
-1.49629
-1.49649
-1.49531
-1.49308
-1.4927
-1.49092
-1.49103
-1.49114
-1.49124
-1.4921
-1.49464
-1.49697
-1.49883
-1.49941
-1.49521
-1.49621
-1.49958
-1.5032
-1.50371
-1.49992
-1.49889
-1.50001
-1.50275
-1.50075
-1.50182
-1.50211
-1.50601
-1.51027
-1.51512
-1.51737
-1.51801
-1.51972
-1.52103
-1.52238
-1.51691
-1.51341
-1.51322
-1.51361
-1.51517
-1.51546
-1.51578
-1.51487
-1.51499
-1.51804
-1.52114
-1.52207
-1.51859
-1.51797
-1.51807
-1.51818
-1.51828
-1.51839
-1.51956
-1.52242
-1.52676
-1.53063
-1.53323
-1.536
-1.53709
-1.53624
-1.54139
-1.5438
-1.54573
-1.54789
-1.54999
-1.55031
-1.54905
-1.54895
-1.54701
-1.54668
-1.54816
-1.547
-1.5491
-1.55103
-1.55339
-1.55437
-1.55329
-1.5517
-1.55044
-1.54964
-1.54946
-1.54953
-1.55062
-1.55098
-1.55165
-1.55242
-1.55161
-1.55143
-1.55153
-1.55163
-1.55174
-1.55193
-1.55705
-1.56399
-1.5681
-1.56686
-1.56472
-1.55931
-1.55936
-1.55967
-1.56577
-1.5757
-1.58362
-1.58803
-1.58908
-1.58956
-1.59295
-1.60285
-1.61377
-1.61415
-1.61169
-1.60861
-1.60459
-1.60067
-1.5961
-1.59606
-1.59617
-1.60071
-1.61328
-1.61901
-1.62267
-1.62834
-1.63271
-1.63323
-1.63495
-1.63713
-1.63813
-1.64382
-1.64917
-1.65267
-1.6558
-1.65922
-1.66201
-1.65992
-1.65678
-1.65055
-1.64584
-1.64502
-1.64513
-1.64523
-1.64544
-1.65225
-1.66534
-1.66544
-1.65717
-1.65314
-1.65322
-1.65332
-1.65343
-1.6546
-1.65809
-1.66142
-1.66388
-1.66501
-1.66651
-1.66776
-1.6673
-1.66359
-1.66167
-1.66167
-1.66254
-1.66669
-1.66933
-1.66915
-1.66577
-1.66523
-1.66534
-1.66544
-1.66555
-1.66654
-1.67116
-1.67491
-1.67688
-1.67789
-1.67855
-1.67951
-1.68049
-1.6812
-1.67931
-1.6761
-1.67543
-1.67554
-1.67627
-1.67789
-1.67989
-1.68137
-1.68202
-1.68264
-1.6824
-1.67989
-1.6798
-1.6799
-1.68001
-1.68055
-1.6825
-1.68305
-1.68332
-1.6836
-1.68469
-1.68581
-1.68657
-1.68851
-1.68613
-1.68489
-1.685
-1.6851
-1.68521
-1.68532
-1.68542
-1.68554
-1.68575
-1.69239
-1.70037
-1.70491
-1.70363
-1.7019
-1.69733
-1.69738
-1.69762
-1.70529
-1.71671
-1.72587
-1.73087
-1.73169
-1.73191
-1.73544
-1.74713
-1.76035
-1.76068
-1.75771
-1.75422
-1.75005
-1.74639
-1.74243
-1.7424
-1.74252
-1.74864
-1.76356
-1.77025
-1.77434
-1.78096
-1.78586
-1.78587
-1.78763
-1.78976
-1.79069
-1.79706
-1.80335
-1.80725
-1.81129
-1.81623
-1.82148
-1.8228
-1.82574
-1.82946
-1.83324
-1.83551
-1.83869
-1.84203
-1.84426
-1.84723
-1.85065
-1.85418
-1.85662
-1.85983
-1.86466
-1.87077
-1.87717
-1.88677
-1.8918
-1.89555
-1.89949
-1.90911
-1.91891
-1.9254
-1.93439
-1.93794
-1.93428
-1.93406
-1.94045
-1.94397
-1.94577
-1.9512
-1.95649
-1.96283
-1.96694
-1.9702
-1.97545
-1.98051
-1.98489
-1.99112
-1.99618
-1.9987
-2.003
-2.00424
-2.00745
-2.00989
-2.01313
-2.01225
-2.01592
-2.01902
-2.02254
-2.0255
-2.02298
-2.01955
-2.0137
-2.00946
-2.00876
-2.00888
-2.012
-2.01671
-2.01367
-2.01906
-2.01928
-2.01722
-2.02051
-2.02498
-2.02166
-2.02516
-2.02944
-2.02647
-2.02659
-2.02753
-2.03976
-2.05491
-2.0521
-2.04495
-2.04263
-2.04275
-2.04285
-2.04296
-2.04307
-2.04319
-2.04388
-2.04604
-2.04771
-2.04694
-2.04711
-2.04947
-2.04848
-2.05014
-2.05184
-2.05235
-2.05331
-2.05406
-2.05529
-2.05723
-2.058
-2.0585
-2.0599
-2.0604
-2.06217
-2.05931
-2.05681
-2.05677
-2.05688
-2.05699
-2.0571
-2.05721
-2.05732
-2.05743
-2.05754
-2.05973
-2.06332
-2.06357
-2.06391
-2.06279
-2.06628
-2.07307
-2.07852
-2.08099
-2.08259
-2.08569
-2.08925
-2.0939
-2.09622
-2.09977
-2.10246
-2.10493
-2.1058
-2.10795
-2.10956
-2.11097
-2.11321
-2.11743
-2.12056
-2.11998
-2.12107
-2.12269
-2.12314
-2.12163
-2.11929
-2.11869
-2.11618
-2.115
-2.11428
-2.11439
-2.1145
-2.11477
-2.11782
-2.1212
-2.12406
-2.12598
-2.12756
-2.12865
-2.12929
-2.12653
-2.12367
-2.12299
-2.12316
-2.12602
-2.13006
-2.13101
-2.12836
-2.12658
-2.12665
-2.12677
-2.12688
-2.12708
-2.13013
-2.13511
-2.13799
-2.13923
-2.14004
-2.14092
-2.14193
-2.14283
-2.14253
-2.13915
-2.1371
-2.13717
-2.13754
-2.13858
-2.14084
-2.14277
-2.14355
-2.14452
-2.1448
-2.14244
-2.14155
-2.14166
-2.14177
-2.14188
-2.14366
-2.14471
-2.14501
-2.14536
-2.14599
-2.14741
-2.14835
-2.14977
-2.14981
-2.14714
-2.14703
-2.14714
-2.14725
-2.14736
-2.14747
-2.14807
-2.15013
-2.15273
-2.15397
-2.15457
-2.1525
-2.15115
-2.1512
-2.15131
-2.15142
-2.15222
-2.15393
-2.15524
-2.15657
-2.1565
-2.15441
-2.15436
-2.15601
-2.15886
-2.16112
-2.16211
-2.16185
-2.15957
-2.15847
-2.1589
-2.16137
-2.1639
-2.16609
-2.16661
-2.16705
-2.16774
-2.16992
-2.17219
-2.17311
-2.17325
-2.17333
-2.17395
-2.1742
-2.17285
-2.17303
-2.17455
-2.1762
-2.17767
-2.17819
-2.17764
-2.17885
-2.18064
-2.18122
-2.18147
-2.18248
-2.18308
-2.18333
-2.18378
-2.18428
-2.18368
-2.18507
-2.18605
-2.18656
-2.18698
-2.18748
-2.18811
-2.18553
-2.18521
-2.18642
-2.18902
-2.19184
-2.19296
-2.19296
-2.19217
-2.19303
-2.19348
-2.19476
-2.19548
-2.19532
-2.19385
-2.19289
-2.193
-2.19311
-2.19322
-2.19333
-2.19344
-2.19357
-2.19591
-2.19846
-2.20034
-2.20095
-2.19985
-2.19807
-2.19801
-2.19824
-2.19803
-2.19814
-2.19979
-2.20194
-2.2029
-2.2043
-2.20531
-2.20634
-2.20684
-2.20653
-2.20468
-2.20383
-2.20394
-2.20405
-2.20416
-2.20609
-2.20875
-2.20648
-2.20617
-2.20629
-2.20642
-2.20785
-2.2082
-2.21012
-2.21116
-2.21181
-2.21182
-2.21228
-2.21075
-2.21034
-2.21045
-2.21058
-2.21078
-2.21164
-2.21176
-2.21474
-2.21629
-2.21672
-2.21745
-2.21852
-2.21974
-2.22128
-2.21789
-2.21678
-2.21689
-2.217
-2.21712
-2.21723
-2.21736
-2.21926
-2.22131
-2.22195
-2.22165
-2.22059
-2.22002
-2.22016
-2.2225
-2.22619
-2.22881
-2.23117
-2.23279
-2.23333
-2.23516
-2.23653
-2.23777
-2.24071
-2.244
-2.24618
-2.24858
-2.25082
-2.25252
-2.2543
-2.25594
-2.25737
-2.26006
-2.26272
-2.26456
-2.26676
-2.26812
-2.26911
-2.27129
-2.27316
-2.27117
-2.27127
-2.27472
-2.2772
-2.27958
-2.28205
-2.2844
-2.28495
-2.28605
-2.28561
-2.2883
-2.28992
-2.29186
-2.2926
-2.29451
-2.29436
-2.29631
-2.29891
-2.30165
-2.30438
-2.30603
-2.30765
-2.31012
-2.31202
-2.3144
-2.31648
-2.31735
-2.31805
-2.31904
-2.31912
-2.31688
-2.31617
-2.3165
-2.32238
-2.32588
-2.32873
-2.331
-2.33378
-2.33794
-2.34271
-2.34725
-2.35073
-2.35428
-2.35696
-2.3592
-2.3612
-2.36385
-2.36653
-2.36905
-2.37103
-2.37448
-2.37715
-2.37928
-2.38326
-2.38606
-2.38866
-2.39232
-2.39615
-2.39847
-2.40088
-2.40339
-2.40602
-2.40904
-2.41171
-2.41445
-2.41747
-2.42025
-2.42217
-2.42366
-2.42567
-2.42823
-2.43074
-2.43316
-2.43519
-2.43745
-2.43978
-2.44232
-2.44549
-2.44832
-2.4513
-2.45391
-2.45653
-2.45906
-2.46114
-2.46303
-2.46461
-2.46613
-2.46819
-2.47016
-2.47107
-2.4718
-2.47436
-2.47629
-2.47747
-2.48024
-2.48042
-2.48312
-2.48836
-2.49221
-2.49576
-2.4948
-2.49396
-2.49761
-2.50178
-2.50372
-2.50626
-2.50931
-2.51144
-2.51319
-2.5139
-2.51611
-2.51963
-2.52296
-2.5268
-2.5306
-2.53408
-2.53869
-2.54047
-2.54203
-2.54232
-2.54273
-2.54162
-2.53653
-2.53261
-2.53076
-2.5306
-2.53071
-2.53082
-2.53094
-2.53105
-2.53117
-2.53128
-2.53179
-2.53291
-2.53301
-2.53457
-2.53435
-2.5334
-2.53346
-2.53358
-2.53371
-2.53591
-2.53692
-2.53626
-2.53966
-2.5414
-2.54205
-2.53828
-2.53839
-2.53851
-2.5396
-2.54524
-2.54817
-2.54404
-2.54251
-2.54259
-2.54272
-2.54698
-2.55294
-2.55603
-2.55694
-2.55576
-2.55471
-2.55917
-2.5615
-2.56332
-2.56583
-2.56223
-2.55875
-2.55896
-2.55907
-2.55919
-2.5593
-2.55942
-2.55953
-2.55967
-2.56169
-2.56246
-2.56411
-2.56575
-2.56725
-2.57007
-2.57028
-2.56843
-2.5678
-2.56627
-2.56638
-2.5665
-2.56662
-2.56673
-2.56685
-2.56961
-2.57534
-2.58094
-2.58698
-2.58768
-2.58744
-2.59114
-2.595
-2.59717
-2.59682
-2.6012
-2.60495
-2.60621
-2.60965
-2.61584
-2.61987
-2.62404
-2.62814
-2.63064
-2.63328
-2.63925
-2.64154
-2.6454
-2.65087
-2.6537
-2.65535
-2.65812
-2.66174
-2.66725
-2.67123
-2.67272
-2.67528
-2.67508
-2.66732
-2.66117
-2.66681
-2.66756
-2.6679
-2.66855
-2.66872
-2.66616
-2.66494
-2.66492
-2.66516
-2.6662
-2.6665
-2.66604
-2.66616
-2.66628
-2.66639
-2.66651
-2.66665
-2.66904
-2.67216
-2.66984
-2.67387
-2.67769
-2.67814
-2.68014
-2.67625
-2.67492
-2.67858
-2.67946
-2.68031
-2.68225
-2.68453
-2.6846
-2.6847
-2.68881
-2.6917
-2.69418
-2.69475
-2.69531
-2.69644
-2.69645
-2.69427
-2.69141
-2.69536
-2.69733
-2.69879
-2.6993
-2.69671
-2.69632
-2.69538
-2.6955
-2.69562
-2.69573
-2.69585
-2.69597
-2.69611
-2.69864
-2.70003
-2.69973
-2.70114
-2.70242
-2.70498
-2.70539
-2.7052
-2.70328
-2.70246
-2.70256
-2.70287
-2.703
-2.70315
-2.70335
-2.70354
-2.7102
-2.7114
-2.7114
-2.7114
-2.7114
-2.7114
-2.7114
-2.7114
-2.7114
-2.7114
-2.7114
-2.7114
-2.7114
-2.7114
-2.7114
-2.7114
-2.7114
-2.7114
-2.7114
-2.7114
-2.7114
-2.7114
-2.7114
-2.7114
-2.7114
-2.7114
-2.7114
-2.7114
-2.7114
-2.7114
-2.7114
-2.7114
-2.7114
-2.7114
-2.7114
-2.7114
-2.7114
-2.7114
-2.7114
-2.7114
-2.7114
-2.7114
-2.7114
-2.7114
-2.7114
-2.7114
-2.7114
-2.7114
-2.7114
-2.7114
-2.7114
-2.7114
-2.7114
-2.7114
-2.7114
-2.7114
-2.7114
-2.7114
-2.7114
-2.7114
-2.7114
-0.00175
-0.00393
-0.00636
-0.00855
-0.01006
-0.01127
-0.01294
-0.01499
-0.017
-0.01894
-0.02056
-0.02238
-0.02425
-0.02633
-0.02884
-0.03111
-0.03349
-0.03558
-0.03767
-0.0397
-0.04134
-0.04286
-0.04416
-0.04537
-0.04705
-0.0486
-0.0493
-0.04995
-0.05204
-0.05355
-0.05452
-0.05675
-0.05682
-0.05921
-0.06327
-0.06628
-0.069
-0.06807
-0.06768
-0.07067
-0.07397
-0.07541
-0.07752
-0.07987
-0.08162
-0.08292
-0.08354
-0.08535
-0.08814
-0.09082
-0.09384
-0.09677
-0.09954
-0.10303
-0.10437
-0.10559
-0.10585
-0.10609
-0.10514
-0.10202
-0.09923
-0.09775
-0.09765
-0.09775
-0.09785
-0.10183
-0.10837
-0.11458
-0.11363
-0.11442
-0.11055
-0.10958
-0.10968
-0.11292
-0.12156
-0.13088
-0.13815
-0.13876
-0.1393
-0.14083
-0.14837
-0.15989
-0.16617
-0.16313
-0.16007
-0.15709
-0.15392
-0.15028
-0.14944
-0.14954
-0.15056
-0.16277
-0.17123
-0.17555
-0.1801
-0.18547
-0.18664
-0.18807
-0.1899
-0.19071
-0.1939
-0.19973
-0.20469
-0.20764
-0.21178
-0.21657
-0.21808
-0.221
-0.22404
-0.22685
-0.23002
-0.23275
-0.2352
-0.23768
-0.23989
-0.24263
-0.24581
-0.24775
-0.25053
-0.25387
-0.25902
-0.26456
-0.26995
-0.27739
-0.28192
-0.28397
-0.28962
-0.3008
-0.3039
-0.313
-0.31774
-0.31735
-0.31471
-0.3183
-0.32283
-0.32415
-0.32752
-0.33305
-0.33753
-0.3422
-0.34569
-0.34872
-0.35398
-0.35798
-0.36258
-0.3667
-0.37098
-0.37357
-0.37567
-0.37776
-0.38065
-0.38314
-0.38301
-0.385
-0.38804
-0.39117
-0.39468
-0.39406
-0.39018
-0.38594
-0.38127
-0.38009
-0.38019
-0.38055
-0.38705
-0.38518
-0.38587
-0.39068
-0.38748
-0.38783
-0.39403
-0.39183
-0.39177
-0.39878
-0.39548
-0.39514
-0.39524
-0.40053
-0.41315
-0.41886
-0.4128
-0.40822
-0.40823
-0.40832
-0.40842
-0.40974
-0.41585
-0.42173
-0.42247
-0.42279
-0.41796
-0.4154
-0.41549
-0.41701
-0.42358
-0.43233
-0.43936
-0.44136
-0.4424
-0.44326
-0.44835
-0.45822
-0.46583
-0.46397
-0.46144
-0.45872
-0.45501
-0.45001
-0.44796
-0.44804
-0.44819
-0.4562
-0.46523
-0.46986
-0.47311
-0.47886
-0.48075
-0.48191
-0.48395
-0.48585
-0.48731
-0.49295
-0.49695
-0.50015
-0.50348
-0.50631
-0.50702
-0.50438
-0.50067
-0.49447
-0.49199
-0.49191
-0.49201
-0.49211
-0.49324
-0.50205
-0.51131
-0.50774
-0.5007
-0.4989
-0.499
-0.49909
-0.4992
-0.50126
-0.5043
-0.50703
-0.50903
-0.51036
-0.51131
-0.51226
-0.51061
-0.50748
-0.5065
-0.50659
-0.50832
-0.51198
-0.51354
-0.51193
-0.5097
-0.50966
-0.50976
-0.50986
-0.50995
-0.51184
-0.51599
-0.51924
-0.52061
-0.52132
-0.52203
-0.52288
-0.52373
-0.52408
-0.52128
-0.51901
-0.51888
-0.51906
-0.51989
-0.52175
-0.52349
-0.52441
-0.52519
-0.52551
-0.52408
-0.52274
-0.52282
-0.52292
-0.52302
-0.52422
-0.52535
-0.52574
-0.52609
-0.52642
-0.52775
-0.52857
-0.52939
-0.53082
-0.5279
-0.52749
-0.52759
-0.52769
-0.52779
-0.52788
-0.52798
-0.52807
-0.52817
-0.52827
-0.52842
-0.53034
-0.5321
-0.53216
-0.53145
-0.53308
-0.53377
-0.53324
-0.53561
-0.53617
-0.53679
-0.53735
-0.53825
-0.54021
-0.5412
-0.54187
-0.54267
-0.54316
-0.54448
-0.54434
-0.54095
-0.54023
-0.54032
-0.54042
-0.54052
-0.54062
-0.54072
-0.54081
-0.54091
-0.54161
-0.54509
-0.54592
-0.54718
-0.54535
-0.5467
-0.55244
-0.55737
-0.5611
-0.56238
-0.56441
-0.56753
-0.57159
-0.57408
-0.57688
-0.57974
-0.58186
-0.5833
-0.58434
-0.58654
-0.58763
-0.58905
-0.59207
-0.59572
-0.59655
-0.59692
-0.59784
-0.59898
-0.59817
-0.59645
-0.59487
-0.59377
-0.59229
-0.59105
-0.59103
-0.59113
-0.59123
-0.59259
-0.59577
-0.59875
-0.60086
-0.60205
-0.60328
-0.60437
-0.60353
-0.60016
-0.59864
-0.59869
-0.59981
-0.60342
-0.60568
-0.60498
-0.60211
-0.6018
-0.6019
-0.602
-0.6021
-0.60328
-0.60752
-0.61104
-0.61258
-0.61349
-0.61407
-0.61492
-0.61579
-0.61648
-0.61431
-0.61155
-0.6111
-0.6112
-0.61195
-0.61357
-0.61541
-0.6166
-0.61729
-0.61772
-0.617
-0.61507
-0.61507
-0.61517
-0.61527
-0.616
-0.61756
-0.61805
-0.61832
-0.61858
-0.61971
-0.62067
-0.62134
-0.62323
-0.62065
-0.61982
-0.61992
-0.62001
-0.62011
-0.62021
-0.62033
-0.62172
-0.62395
-0.62566
-0.62641
-0.6257
-0.62378
-0.62346
-0.62356
-0.62366
-0.6239
-0.62532
-0.62642
-0.628
-0.62855
-0.62693
-0.62626
-0.62692
-0.62907
-0.6316
-0.63298
-0.63335
-0.63171
-0.63011
-0.63002
-0.6317
-0.63363
-0.63609
-0.63709
-0.63752
-0.63793
-0.63886
-0.64136
-0.64264
-0.64309
-0.64332
-0.64348
-0.64397
-0.6435
-0.64225
-0.64358
-0.64531
-0.6463
-0.64744
-0.64714
-0.64755
-0.64888
-0.65001
-0.65033
-0.65076
-0.6516
-0.65181
-0.65225
-0.65269
-0.65234
-0.65307
-0.65415
-0.65469
-0.65502
-0.65565
-0.65643
-0.65497
-0.65358
-0.65386
-0.65615
-0.65817
-0.66023
-0.6605
-0.6605
-0.66001
-0.66082
-0.66159
-0.66266
-0.6626
-0.66241
-0.66045
-0.66049
-0.66058
-0.66068
-0.66078
-0.66088
-0.66098
-0.66181
-0.6644
-0.66641
-0.66762
-0.66728
-0.66556
-0.66494
-0.66508
-0.66501
-0.66499
-0.66576
-0.6675
-0.66879
-0.67014
-0.67098
-0.67207
-0.67267
-0.67288
-0.67143
-0.67007
-0.67018
-0.67028
-0.67037
-0.67094
-0.67421
-0.67346
-0.67212
-0.67224
-0.67234
-0.67307
-0.6738
-0.67483
-0.67649
-0.67695
-0.67736
-0.67735
-0.67703
-0.67594
-0.67597
-0.67607
-0.67619
-0.67657
-0.67706
-0.6786
-0.6806
-0.6815
-0.68185
-0.68273
-0.68367
-0.68529
-0.68392
-0.68173
-0.6817
-0.6818
-0.6819
-0.682
-0.6821
-0.68301
-0.68495
-0.68623
-0.68615
-0.6856
-0.68454
-0.68457
-0.68467
-0.68477
-0.68487
-0.68497
-0.68507
-0.68527
-0.68649
-0.68652
-0.68769
-0.68783
-0.6869
-0.68691
-0.68701
-0.68711
-0.6884
-0.69025
-0.68875
-0.69154
-0.69336
-0.69425
-0.691
-0.69093
-0.69103
-0.69147
-0.69522
-0.69892
-0.69621
-0.69405
-0.69407
-0.69417
-0.69675
-0.70161
-0.70479
-0.70584
-0.70539
-0.70331
-0.70699
-0.70929
-0.71072
-0.713
-0.71245
-0.70677
-0.70698
-0.70706
-0.70716
-0.70725
-0.70735
-0.70745
-0.70755
-0.70891
-0.70986
-0.71113
-0.71247
-0.71369
-0.71584
-0.71664
-0.71563
-0.71493
-0.71311
-0.71317
-0.71327
-0.71337
-0.71347
-0.71357
-0.71508
-0.71957
-0.72354
-0.72891
-0.73019
-0.72999
-0.73233
-0.73563
-0.73801
-0.7376
-0.73994
-0.74376
-0.74483
-0.74724
-0.75152
-0.75536
-0.75851
-0.76148
-0.76388
-0.76585
-0.77018
-0.77246
-0.77493
-0.77879
-0.78168
-0.7832
-0.78507
-0.78717
-0.79108
-0.79469
-0.79575
-0.7983
-0.79832
-0.7936
-0.78533
-0.78948
-0.79099
-0.79122
-0.7916
-0.79222
-0.79013
-0.78877
-0.78862
-0.78874
-0.78973
-0.78989
-0.78954
-0.78964
-0.78974
-0.78984
-0.78994
-0.79004
-0.79136
-0.794
-0.79272
-0.79507
-0.79839
-0.79909
-0.8007
-0.79859
-0.79594
-0.79893
-0.79988
-0.80031
-0.80202
-0.80392
-0.80422
-0.80372
-0.8069
-0.80948
-0.81122
-0.81214
-0.81248
-0.81343
-0.81359
-0.81249
-0.80922
-0.81139
-0.81363
-0.81492
-0.81547
-0.81422
-0.81291
-0.81214
-0.81222
-0.81232
-0.81242
-0.81252
-0.81262
-0.81272
-0.81414
-0.81604
-0.81553
-0.81635
-0.81784
-0.81915
-0.82089
-0.82014
-0.81876
-0.8177
-0.81784
-0.81809
-0.81814
-0.81833
-0.81853
-0.81866
-0.82219
-0.83014
-0.8383
-0.8449
-0.85059
-0.85446
-0.85656
-0.86159
-0.86644
-0.86909
-0.87209
-0.87401
-0.87782
-0.8814
-0.88298
-0.88685
-0.88925
-0.8936
-0.88799
-0.88429
-0.87896
-0.87639
-0.87577
-0.87602
-0.87834
-0.88222
-0.88589
-0.88791
-0.88802
-0.88656
-0.88472
-0.88435
-0.88274
-0.88284
-0.88295
-0.88305
-0.884
-0.88646
-0.88868
-0.89029
-0.89073
-0.88678
-0.88794
-0.89128
-0.89466
-0.89458
-0.89114
-0.89029
-0.89156
-0.89398
-0.89202
-0.89297
-0.89354
-0.8974
-0.90143
-0.90589
-0.90781
-0.90851
-0.91014
-0.9113
-0.91253
-0.90684
-0.90391
-0.90383
-0.9044
-0.90562
-0.90592
-0.90616
-0.90537
-0.90552
-0.9087
-0.91158
-0.91188
-0.90873
-0.90828
-0.90838
-0.90848
-0.90858
-0.90868
-0.91015
-0.91291
-0.91678
-0.92068
-0.92283
-0.92579
-0.92588
-0.92592
-0.93074
-0.93284
-0.93486
-0.93653
-0.9387
-0.93853
-0.93768
-0.93759
-0.93553
-0.93549
-0.93677
-0.93581
-0.93793
-0.93989
-0.94194
-0.94268
-0.94158
-0.94015
-0.9389
-0.93818
-0.93805
-0.93813
-0.93927
-0.93951
-0.94028
-0.94085
-0.94001
-0.93991
-0.94001
-0.9401
-0.94056
-0.94343
-0.94647
-0.94883
-0.95069
-0.95166
-0.95273
-0.95429
-0.95539
-0.95698
-0.95986
-0.96253
-0.96443
-0.96671
-0.96861
-0.97
-0.97172
-0.97286
-0.97475
-0.97715
-0.97927
-0.98109
-0.98295
-0.98397
-0.98528
-0.98705
-0.9885
-0.98585
-0.98722
-0.99054
-0.99243
-0.99488
-0.99714
-0.99864
-0.99913
-0.9995
-1.00038
-1.00202
-1.0041
-1.00507
-1.00611
-1.00782
-1.00733
-1.01002
-1.01223
-1.01492
-1.01681
-1.01827
-1.01991
-1.02204
-1.02382
-1.02605
-1.02769
-1.02818
-1.02892
-1.02976
-1.02869
-1.02734
-1.02657
-1.02874
-1.03369
-1.03644
-1.03881
-1.04088
-1.04385
-1.04776
-1.05214
-1.05564
-1.05885
-1.06192
-1.06398
-1.0659
-1.06792
-1.07035
-1.07275
-1.07466
-1.07693
-1.08007
-1.08204
-1.08454
-1.08774
-1.09013
-1.09267
-1.09616
-1.09913
-1.10121
-1.10337
-1.10557
-1.10806
-1.11074
-1.1131
-1.11556
-1.11832
-1.12054
-1.1219
-1.12341
-1.12547
-1.12775
-1.13004
-1.13203
-1.13388
-1.13587
-1.13801
-1.14061
-1.14319
-1.14576
-1.1483
-1.15062
-1.15294
-1.15516
-1.15689
-1.15848
-1.15985
-1.16126
-1.16324
-1.16469
-1.16518
-1.16635
-1.1687
-1.17005
-1.17138
-1.17377
-1.17383
-1.17741
-1.18153
-1.18479
-1.18714
-1.1848
-1.18606
-1.18972
-1.1932
-1.1943
-1.19695
-1.19918
-1.20137
-1.20214
-1.20324
-1.20559
-1.20854
-1.21187
-1.21528
-1.21825
-1.22166
-1.22494
-1.22624
-1.22713
-1.22777
-1.22746
-1.22604
-1.22052
-1.21789
-1.2167
-1.21674
-1.21685
-1.21698
-1.22327
-1.23028
-1.23561
-1.23403
-1.23349
-1.22835
-1.2282
-1.22832
-1.23444
-1.24532
-1.2545
-1.26031
-1.26104
-1.2614
-1.26416
-1.27474
-1.2877
-1.28955
-1.28667
-1.28324
-1.27946
-1.27616
-1.2715
-1.27129
-1.27141
-1.27552
-1.29033
-1.29718
-1.30161
-1.30719
-1.31263
-1.31292
-1.31454
-1.31665
-1.31749
-1.32313
-1.32936
-1.33362
-1.33713
-1.34189
-1.34719
-1.3485
-1.35159
-1.35492
-1.35841
-1.36133
-1.36416
-1.36736
-1.3696
-1.37238
-1.37553
-1.37881
-1.38124
-1.38458
-1.38848
-1.39483
-1.40104
-1.4094
-1.4147
-1.41856
-1.4221
-1.4304
-1.44156
-1.44637
-1.45514
-1.45932
-1.45677
-1.45541
-1.46105
-1.46512
-1.46639
-1.47147
-1.47696
-1.48264
-1.48711
-1.49007
-1.4948
-1.49992
-1.5044
-1.51044
-1.51463
-1.51792
-1.52147
-1.52321
-1.52582
-1.52872
-1.53163
-1.53109
-1.53439
-1.53779
-1.54128
-1.5444
-1.54223
-1.53891
-1.53328
-1.52902
-1.52803
-1.52815
-1.53014
-1.53588
-1.53277
-1.53683
-1.53858
-1.53608
-1.53827
-1.54361
-1.54027
-1.54268
-1.5482
-1.54467
-1.54472
-1.54514
-1.55489
-1.57057
-1.56972
-1.56252
-1.55957
-1.55969
-1.55979
-1.55991
-1.56396
-1.57012
-1.57638
-1.57509
-1.57577
-1.5689
-1.5678
-1.56791
-1.57102
-1.57992
-1.5891
-1.59576
-1.59674
-1.59753
-1.5996
-1.60757
-1.61888
-1.62409
-1.62134
-1.61823
-1.6151
-1.61161
-1.6053
-1.60435
-1.60445
-1.60573
-1.61772
-1.62541
-1.62987
-1.63455
-1.63997
-1.64123
-1.64295
-1.64518
-1.64619
-1.65016
-1.65607
-1.65991
-1.66339
-1.6668
-1.67033
-1.66959
-1.66603
-1.66058
-1.65495
-1.65336
-1.65345
-1.65356
-1.65367
-1.65719
-1.66802
-1.67509
-1.66884
-1.662
-1.66152
-1.66163
-1.66173
-1.66211
-1.66527
-1.66858
-1.67121
-1.67288
-1.67446
-1.67558
-1.67598
-1.67308
-1.67044
-1.66992
-1.67017
-1.67326
-1.67698
-1.67767
-1.67484
-1.67335
-1.67344
-1.67355
-1.67365
-1.67395
-1.67722
-1.68196
-1.68459
-1.68566
-1.68648
-1.68734
-1.68837
-1.68917
-1.68859
-1.68526
-1.68352
-1.6836
-1.684
-1.68514
-1.68729
-1.68914
-1.68984
-1.69073
-1.69099
-1.68855
-1.68786
-1.68797
-1.68808
-1.68822
-1.69005
-1.69098
-1.69122
-1.69157
-1.69227
-1.69358
-1.69448
-1.69599
-1.69554
-1.69319
-1.69315
-1.69326
-1.69336
-1.69347
-1.69358
-1.69368
-1.69379
-1.6939
-1.694
-1.69447
-1.6966
-1.69842
-1.69806
-1.69771
-1.70002
-1.6994
-1.70036
-1.70233
-1.70287
-1.70376
-1.70437
-1.7055
-1.70751
-1.70837
-1.70893
-1.71017
-1.71062
-1.71234
-1.71032
-1.70744
-1.70723
-1.70733
-1.70744
-1.70755
-1.70766
-1.70776
-1.70787
-1.70798
-1.70961
-1.71339
-1.71374
-1.71467
-1.71291
-1.71572
-1.72224
-1.72786
-1.73068
-1.7322
-1.73495
-1.73842
-1.74301
-1.74531
-1.74875
-1.75148
-1.75394
-1.75494
-1.7568
-1.75861
-1.75986
-1.76185
-1.76562
-1.76921
-1.76902
-1.7697
-1.77124
-1.77207
-1.77067
-1.76844
-1.76761
-1.76532
-1.76429
-1.76328
-1.76337
-1.76348
-1.76364
-1.76619
-1.76953
-1.77247
-1.7746
-1.77609
-1.77713
-1.77804
-1.77591
-1.77267
-1.77174
-1.77187
-1.77411
-1.77815
-1.77958
-1.77749
-1.77528
-1.7753
-1.77541
-1.77551
-1.77565
-1.77804
-1.78273
-1.78608
-1.78751
-1.78828
-1.78911
-1.79006
-1.79098
-1.79113
-1.78793
-1.78561
-1.78555
-1.78581
-1.78676
-1.78888
-1.79079
-1.79172
-1.79262
-1.79295
-1.79109
-1.78983
-1.78993
-1.79004
-1.79015
-1.79164
-1.79279
-1.79317
-1.79355
-1.79401
-1.79546
-1.79638
-1.79745
-1.79851
-1.79546
-1.79516
-1.79526
-1.79537
-1.79548
-1.79559
-1.79596
-1.79781
-1.80039
-1.80184
-1.80256
-1.80078
-1.79927
-1.79924
-1.79935
-1.79945
-1.80001
-1.80182
-1.80296
-1.80429
-1.80457
-1.80254
-1.80232
-1.80371
-1.80631
-1.80872
-1.80989
-1.80988
-1.80761
-1.80635
-1.80659
-1.80897
-1.81115
-1.81353
-1.81426
-1.81467
-1.81532
-1.81714
-1.81951
-1.82056
-1.82081
-1.82091
-1.82145
-1.82179
-1.82067
-1.82037
-1.82182
-1.82355
-1.82483
-1.82574
-1.82513
-1.82607
-1.82776
-1.82858
-1.82882
-1.82967
-1.83038
-1.83056
-1.83106
-1.83155
-1.8309
-1.83221
-1.83318
-1.8337
-1.83408
-1.83472
-1.83548
-1.8331
-1.83246
-1.8333
-1.8359
-1.83852
-1.83992
-1.84
-1.83959
-1.83991
-1.84046
-1.84165
-1.84249
-1.84232
-1.84128
-1.83992
-1.84002
-1.84013
-1.84024
-1.84035
-1.84046
-1.84057
-1.84235
-1.84505
-1.84694
-1.84781
-1.84682
-1.84504
-1.84489
-1.84509
-1.84493
-1.845
-1.84643
-1.84847
-1.84942
-1.85098
-1.8519
-1.85294
-1.8535
-1.85338
-1.85162
-1.85055
-1.85066
-1.85076
-1.85087
-1.85228
-1.85538
-1.85342
-1.85281
-1.85292
-1.85304
-1.85431
-1.85478
-1.85643
-1.85771
-1.8583
-1.85853
-1.8587
-1.85757
-1.8569
-1.85701
-1.85713
-1.85729
-1.85797
-1.85816
-1.86084
-1.86251
-1.86305
-1.86365
-1.86471
-1.86578
-1.86751
-1.86468
-1.86318
-1.86327
-1.86338
-1.86349
-1.8636
-1.86371
-1.86528
-1.86731
-1.86822
-1.86804
-1.86717
-1.86631
-1.86641
-1.86652
-1.86663
-1.86674
-1.86685
-1.86696
-1.86753
-1.86848
-1.86859
-1.87002
-1.86971
-1.86891
-1.86898
-1.86909
-1.86923
-1.87147
-1.87191
-1.87176
-1.87482
-1.87638
-1.87668
-1.87331
-1.87342
-1.87354
-1.87477
-1.88011
-1.88213
-1.87795
-1.87678
-1.87687
-1.87706
-1.88127
-1.88651
-1.88916
-1.8899
-1.88851
-1.888
-1.89199
-1.89408
-1.89582
-1.89802
-1.89347
-1.891
-1.89118
-1.89129
-1.8914
-1.89151
-1.89161
-1.89172
-1.89189
-1.89382
-1.89456
-1.89606
-1.8976
-1.89908
-1.9016
-1.90167
-1.89983
-1.89905
-1.89783
-1.89793
-1.89804
-1.89815
-1.89826
-1.89838
-1.90117
-1.90626
-1.91144
-1.91625
-1.91667
-1.91658
-1.92008
-1.9235
-1.92507
-1.92493
-1.92906
-1.93202
-1.93321
-1.93652
-1.94179
-1.94519
-1.94862
-1.95221
-1.95425
-1.95685
-1.96172
-1.96359
-1.96709
-1.97154
-1.97366
-1.9752
-1.97755
-1.98091
-1.98533
-1.9883
-1.98981
-1.99166
-1.99129
-1.98311
-1.97852
-1.98336
-1.98387
-1.98413
-1.98479
-1.98465
-1.9823
-1.98125
-1.98127
-1.98155
-1.98241
-1.98263
-1.98226
-1.98237
-1.98248
-1.98259
-1.98269
-1.98284
-1.98522
-1.98783
-1.98572
-1.98952
-1.99255
-1.99296
-1.99476
-1.99064
-1.98994
-1.99305
-1.99378
-1.99471
-1.99639
-1.9983
-1.99832
-1.99866
-2.0022
-2.00459
-2.0067
-2.00707
-2.00764
-2.00862
-2.00863
-2.00614
-2.00381
-2.00752
-2.00908
-2.01038
-2.01078
-2.0081
-2.00792
-2.00707
-2.00718
-2.00729
-2.0074
-2.00751
-2.00762
-2.0078
-2.01025
-2.0112
-2.01104
-2.01241
-2.0135
-2.01611
-2.01582
-2.01576
-2.01392
-2.0133
-2.01339
-2.01368
-2.01384
-2.01397
-2.01418
-2.01441
-2.02041
-2.03024
-2.03836
-2.04551
-2.05058
-2.05475
-2.0574
-2.06403
-2.06868
-2.07129
-2.07429
-2.07648
-2.08053
-2.08461
-2.08733
-2.09014
-2.09345
-2.09707
-2.08982
-2.08611
-2.07989
-2.07816
-2.07792
-2.07868
-2.08183
-2.08608
-2.08998
-2.09155
-2.09131
-2.08857
-2.08748
-2.08618
-2.08567
-2.08578
-2.08589
-2.08602
-2.08778
-2.09055
-2.09276
-2.09445
-2.09286
-2.09012
-2.09217
-2.09633
-2.09902
-2.09716
-2.09456
-2.09404
-2.09621
-2.09766
-2.09626
-2.09663
-2.09861
-2.10323
-2.10762
-2.11224
-2.11318
-2.11446
-2.11623
-2.11794
-2.11773
-2.11051
-2.1089
-2.10902
-2.11033
-2.1109
-2.11177
-2.11107
-2.11074
-2.11139
-2.11547
-2.11842
-2.11645
-2.11407
-2.11398
-2.11409
-2.1142
-2.11431
-2.11442
-2.11684
-2.12077
-2.1242
-2.12886
-2.13042
-2.13443
-2.13185
-2.13502
-2.13966
-2.14127
-2.14421
-2.14509
-2.14823
-2.1463
-2.1463
-2.1463
-2.14384
-2.1444
-2.1444
-2.14475
-2.14694
-2.14989
-2.15122
-2.15176
-2.14994
-2.14857
-2.14735
-2.14683
-2.14681
-2.14711
-2.14843
-2.14842
-2.14988
-2.14982
-2.1488
-2.14884
-2.14895
-2.14906
-2.1503
-2.15388
-2.15686
-2.1593
-2.16132
-2.16179
-2.16353
-2.16504
-2.16613
-2.16851
-2.1718
-2.17434
-2.17648
-2.17893
-2.1808
-2.18239
-2.18423
-2.18541
-2.18781
-2.19057
-2.19253
-2.19469
-2.19642
-2.19739
-2.19931
-2.2012
-2.20151
-2.19949
-2.20181
-2.2051
-2.20727
-2.20994
-2.21236
-2.21334
-2.21423
-2.21402
-2.21622
-2.21747
-2.22004
-2.22062
-2.22209
-2.22321
-2.22345
-2.22647
-2.2291
-2.23211
-2.23381
-2.23541
-2.23757
-2.23962
-2.24162
-2.24411
-2.24538
-2.24594
-2.24702
-2.24757
-2.24594
-2.24479
-2.24411
-2.24842
-2.25305
-2.25601
-2.25834
-2.26085
-2.26461
-2.2691
-2.27398
-2.27743
-2.28112
-2.28407
-2.28625
-2.28831
-2.29067
-2.29344
-2.29608
-2.29789
-2.30107
-2.30423
-2.30599
-2.30964
-2.31269
-2.31527
-2.31837
-2.32251
-2.32514
-2.32751
-2.33002
-2.33249
-2.33541
-2.33819
-2.34089
-2.34374
-2.34667
-2.34878
-2.35033
-2.35207
-2.35445
-2.35705
-2.35948
-2.36166
-2.36368
-2.36603
-2.36836
-2.37144
-2.37429
-2.3772
-2.37992
-2.3825
-2.38507
-2.38729
-2.38929
-2.39088
-2.39235
-2.39415
-2.39633
-2.39756
-2.39795
-2.39994
-2.40229
-2.40355
-2.40561
-2.40729
-2.40811
-2.41302
-2.4174
-2.42089
-2.42222
-2.41975
-2.42244
-2.42649
-2.42966
-2.43113
-2.4344
-2.43644
-2.43877
-2.43932
-2.44099
-2.44419
-2.44735
-2.45121
-2.45508
-2.45832
-2.46275
-2.46535
-2.46681
-2.46736
-2.46816
-2.46737
-2.46411
-2.45898
-2.45661
-2.4559
-2.456
-2.45613
-2.4567
-2.46537
-2.47384
-2.47773
-2.47715
-2.47354
-2.46995
-2.47006
-2.47167
-2.48121
-2.49445
-2.50477
-2.50905
-2.51008
-2.51035
-2.51571
-2.53031
-2.53031
-2.53031
-2.53031
-2.53031
-2.53031
-2.53031
-2.53031
-2.53031
-2.53031
-2.53031
-2.53031
-2.53031
-2.53031
-2.53031
-2.53031
-2.53031
-2.53031
-2.53031
-2.53031
-2.53031
-2.53031
-2.53031
-2.53031
-2.53031
-2.53031
-2.53031
-2.53031
-2.53031
-2.53031
-2.53031
-2.53031
-2.53031
-2.53031
-2.53031
-2.53031
-2.53031
-2.53031
-2.53031
-2.53031
-2.53031
-2.53031
-2.53031
-2.53031
-2.53031
-2.53031
-2.53031
-2.53031
-2.53031
-2.53031
-2.53031
-2.53031
-2.53031
-2.53031
-2.53031
-2.53031
-2.53031
-2.53031
-2.53031
-2.53031
0
-0.0001
-0.00022
-0.00598
-0.0129
-0.01706
-0.0161
-0.01601
-0.01448
-0.01451
-0.01461
-0.02111
-0.03104
-0.039
-0.0436
-0.04429
-0.04447
-0.04733
-0.05726
-0.06869
-0.06916
-0.06658
-0.06355
-0.06058
-0.05847
-0.05629
-0.05624
-0.05634
-0.06114
-0.07421
-0.08007
-0.08362
-0.08916
-0.09362
-0.09353
-0.09515
-0.09695
-0.09794
-0.1033
-0.10867
-0.11208
-0.11554
-0.11981
-0.12468
-0.12552
-0.12821
-0.13151
-0.13461
-0.13676
-0.13939
-0.14246
-0.14429
-0.14689
-0.14988
-0.15298
-0.15506
-0.15783
-0.16192
-0.1672
-0.17266
-0.18032
-0.18492
-0.18832
-0.19169
-0.1998
-0.20873
-0.21361
-0.22142
-0.22464
-0.22175
-0.2212
-0.22678
-0.22991
-0.23128
-0.23594
-0.24045
-0.24587
-0.2495
-0.25212
-0.25667
-0.26113
-0.26481
-0.27028
-0.27454
-0.27689
-0.28075
-0.28166
-0.28436
-0.28653
-0.28944
-0.28857
-0.29181
-0.29452
-0.29762
-0.3004
-0.29824
-0.29524
-0.29015
-0.28642
-0.28576
-0.28586
-0.28826
-0.2926
-0.28981
-0.29433
-0.29476
-0.29289
-0.29548
-0.29959
-0.29663
-0.29944
-0.30342
-0.30069
-0.30079
-0.30143
-0.31166
-0.32436
-0.32215
-0.3158
-0.31365
-0.31375
-0.31385
-0.31396
-0.31997
-0.32555
-0.33127
-0.32972
-0.33
-0.32471
-0.32433
-0.32444
-0.32906
-0.33872
-0.34741
-0.3534
-0.35404
-0.35445
-0.35658
-0.36558
-0.37756
-0.38071
-0.378
-0.37478
-0.37155
-0.36873
-0.36373
-0.36336
-0.36346
-0.36603
-0.37973
-0.3863
-0.39086
-0.39537
-0.40073
-0.40138
-0.40261
-0.4046
-0.40513
-0.40973
-0.4158
-0.42014
-0.42303
-0.42733
-0.43208
-0.43385
-0.43692
-0.43942
-0.44246
-0.44572
-0.44801
-0.45076
-0.4531
-0.45551
-0.45827
-0.46113
-0.46345
-0.46679
-0.46973
-0.4759
-0.48154
-0.48882
-0.4943
-0.49812
-0.50112
-0.50799
-0.51961
-0.52297
-0.53099
-0.5353
-0.53364
-0.53168
-0.53631
-0.54058
-0.54161
-0.54608
-0.55152
-0.55643
-0.56095
-0.56373
-0.56774
-0.57249
-0.57689
-0.58223
-0.58561
-0.58946
-0.59205
-0.59432
-0.59635
-0.59948
-0.6017
-0.60143
-0.60408
-0.60755
-0.61075
-0.61373
-0.61215
-0.6091
-0.60396
-0.59989
-0.59873
-0.59884
-0.60003
-0.6061
-0.60324
-0.60587
-0.60885
-0.60613
-0.60743
-0.61315
-0.61012
-0.61158
-0.61789
-0.61425
-0.61423
-0.61434
-0.62156
-0.63652
-0.63736
-0.63058
-0.62727
-0.62737
-0.62747
-0.62758
-0.63135
-0.63834
-0.64487
-0.64418
-0.64492
-0.63963
-0.63842
-0.63852
-0.64177
-0.65058
-0.66041
-0.66817
-0.66905
-0.66969
-0.67113
-0.67867
-0.69074
-0.69775
-0.69469
-0.69151
-0.68838
-0.68488
-0.67999
-0.67896
-0.67906
-0.67997
-0.69238
-0.70156
-0.70626
-0.71081
-0.71668
-0.71802
-0.71942
-0.72139
-0.72244
-0.72546
-0.73165
-0.73695
-0.74014
-0.74439
-0.74933
-0.75101
-0.7542
-0.75732
-0.76019
-0.76381
-0.76635
-0.76899
-0.77159
-0.77399
-0.77697
-0.78023
-0.78232
-0.78524
-0.78869
-0.79408
-0.79992
-0.80558
-0.814
-0.8187
-0.82085
-0.82663
-0.83822
-0.84157
-0.85126
-0.85634
-0.85636
-0.85316
-0.85681
-0.86189
-0.8633
-0.86673
-0.87253
-0.87732
-0.88235
-0.88585
-0.88913
-0.89445
-0.89877
-0.90364
-0.90803
-0.91274
-0.91516
-0.91769
-0.91978
-0.92278
-0.9253
-0.9252
-0.92726
-0.93053
-0.93389
-0.93743
-0.937
-0.93311
-0.92878
-0.92373
-0.92233
-0.92241
-0.92273
-0.92941
-0.92786
-0.92821
-0.93347
-0.93018
-0.93037
-0.93682
-0.93484
-0.93446
-0.9416
-0.93864
-0.93816
-0.93827
-0.9435
-0.95639
-0.96325
-0.95714
-0.95212
-0.95203
-0.95214
-0.95225
-0.95392
-0.96162
-0.96847
-0.96987
-0.96996
-0.96578
-0.96342
-0.96352
-0.96571
-0.97382
-0.98424
-0.99268
-0.99508
-0.99599
-0.99661
-1.00232
-1.0145
-1.02402
-1.02188
-1.01885
-1.01564
-1.01169
-1.00718
-1.00528
-1.00536
-1.00554
-1.01577
-1.02703
-1.03264
-1.03623
-1.04301
-1.04545
-1.04639
-1.04832
-1.05027
-1.05136
-1.05827
-1.06422
-1.06778
-1.0719
-1.07632
-1.07875
-1.08237
-1.08531
-1.08789
-1.09272
-1.0944
-1.09722
-1.09981
-1.10263
-1.10595
-1.10875
-1.11142
-1.11425
-1.11742
-1.1228
-1.12884
-1.13458
-1.14455
-1.14836
-1.15086
-1.15583
-1.16662
-1.17136
-1.18131
-1.18745
-1.1894
-1.18442
-1.18725
-1.19356
-1.19526
-1.19822
-1.20384
-1.20916
-1.21475
-1.21773
-1.22161
-1.22611
-1.23096
-1.23595
-1.24101
-1.24643
-1.24786
-1.25179
-1.25355
-1.25656
-1.2588
-1.25961
-1.26086
-1.26436
-1.268
-1.27115
-1.27195
-1.26886
-1.26497
-1.25923
-1.25675
-1.25668
-1.25679
-1.26239
-1.26327
-1.26164
-1.26789
-1.26522
-1.26451
-1.27033
-1.27048
-1.26851
-1.27446
-1.27419
-1.27293
-1.27304
-1.27639
-1.28818
-1.2991
-1.29433
-1.28816
-1.28744
-1.28755
-1.28766
-1.28807
-1.29523
-1.30276
-1.30653
-1.30573
-1.30298
-1.29919
-1.29928
-1.30019
-1.3082
-1.31929
-1.32795
-1.33205
-1.33293
-1.33316
-1.33736
-1.34913
-1.36101
-1.36037
-1.3575
-1.35409
-1.34991
-1.34589
-1.34285
-1.34288
-1.343
-1.35061
-1.36399
-1.37028
-1.37398
-1.38048
-1.38487
-1.38533
-1.38675
-1.38894
-1.38907
-1.39622
-1.40268
-1.40637
-1.41089
-1.41522
-1.41922
-1.42191
-1.42481
-1.4278
-1.43218
-1.43443
-1.43718
-1.44005
-1.4426
-1.44569
-1.44844
-1.45203
-1.45463
-1.45775
-1.46288
-1.46917
-1.47504
-1.48581
-1.48903
-1.49221
-1.49639
-1.50634
-1.51419
-1.52249
-1.53039
-1.53319
-1.5288
-1.53002
-1.53618
-1.53908
-1.54148
-1.54691
-1.55247
-1.55817
-1.56165
-1.56539
-1.57009
-1.575
-1.57968
-1.5856
-1.59062
-1.59264
-1.59679
-1.5984
-1.60144
-1.60392
-1.60671
-1.60629
-1.60976
-1.6131
-1.61654
-1.61872
-1.61614
-1.61245
-1.60674
-1.603
-1.60259
-1.6027
-1.60659
-1.60991
-1.6072
-1.61316
-1.6121
-1.61058
-1.61476
-1.61765
-1.61478
-1.61913
-1.62192
-1.61963
-1.61975
-1.62137
-1.6333
-1.64661
-1.64313
-1.63626
-1.63454
-1.63465
-1.63476
-1.63489
-1.64164
-1.64891
-1.65452
-1.65283
-1.65234
-1.64702
-1.64686
-1.64698
-1.65333
-1.66463
-1.67417
-1.6802
-1.68097
-1.68132
-1.6842
-1.69514
-1.70862
-1.71071
-1.70773
-1.70416
-1.70027
-1.69685
-1.69201
-1.6918
-1.69191
-1.69618
-1.71158
-1.71871
-1.72332
-1.72911
-1.73468
-1.73502
-1.73664
-1.73884
-1.73972
-1.74529
-1.75177
-1.75618
-1.75985
-1.76478
-1.77028
-1.77173
-1.77503
-1.77836
-1.78189
-1.78507
-1.78789
-1.79122
-1.79355
-1.79642
-1.7997
-1.80309
-1.8056
-1.80908
-1.81311
-1.8197
-1.82614
-1.83482
-1.84091
-1.84497
-1.84864
-1.85726
-1.86919
-1.874
-1.88311
-1.88746
-1.88488
-1.88346
-1.88931
-1.89353
-1.89489
-1.90016
-1.90586
-1.91176
-1.91639
-1.91945
-1.92437
-1.92969
-1.93433
-1.94059
-1.94493
-1.94846
-1.95213
-1.95402
-1.95671
-1.95972
-1.96262
-1.96198
-1.96539
-1.96893
-1.97254
-1.97577
-1.97359
-1.97021
-1.96439
-1.95995
-1.95896
-1.95908
-1.96115
-1.96716
-1.96394
-1.96813
-1.97003
-1.96744
-1.96968
-1.97528
-1.97188
-1.97437
-1.98022
-1.9766
-1.97665
-1.97707
-1.98721
-2.00359
-2.00273
-1.9953
-1.99227
-1.99239
-1.9925
-1.99262
-1.99828
-2.00554
-2.01246
-2.01104
-2.01176
-2.00572
-2.00489
-2.005
-2.00959
-2.02016
-2.03107
-2.03888
-2.03958
-2.04016
-2.04232
-2.05212
-2.06613
-2.0719
-2.06848
-2.06484
-2.06123
-2.05772
-2.05215
-2.05144
-2.05156
-2.0535
-2.06876
-2.07804
-2.08321
-2.08849
-2.09477
-2.09592
-2.09749
-2.09973
-2.10058
-2.10479
-2.1119
-2.11727
-2.1208
-2.12571
-2.13141
-2.13342
-2.13694
-2.14014
-2.14356
-2.14731
-2.15017
-2.15329
-2.15607
-2.15871
-2.16198
-2.16552
-2.16801
-2.17147
-2.17528
-2.18181
-2.18866
-2.19615
-2.20459
-2.20952
-2.21235
-2.21964
-2.23348
-2.23741
-2.24803
-2.25344
-2.25237
-2.24957
-2.2544
-2.25954
-2.26099
-2.26552
-2.27219
-2.27754
-2.28303
-2.28683
-2.29088
-2.29696
-2.30193
-2.308
-2.31245
-2.31729
-2.32034
-2.32299
-2.32542
-2.32896
-2.33165
-2.33155
-2.33428
-2.33802
-2.34176
-2.34563
-2.34435
-2.34033
-2.33499
-2.33002
-2.32865
-2.32878
-2.32968
-2.33716
-2.33448
-2.33651
-2.34112
-2.33771
-2.33857
-2.34572
-2.34282
-2.34349
-2.35149
-2.34755
-2.34733
-2.34745
-2.355
-2.37252
-2.37701
-2.36967
-2.36497
-2.36503
-2.36514
-2.36526
-2.3685
-2.3773
-2.38507
-2.38527
-2.38583
-2.38044
-2.37853
-2.37865
-2.38191
-2.39174
-2.40395
-2.41375
-2.41554
-2.41647
-2.41766
-2.42562
-2.44086
-2.45113
-2.44802
-2.44447
-2.44092
-2.43675
-2.43142
-2.42984
-2.42995
-2.43049
-2.44453
-2.4571
-2.46321
-2.46793
-2.47576
-2.47766
-2.47901
-2.48144
-2.48324
-2.48598
-2.49374
-2.50045
-2.50449
-2.50928
-2.5149
-2.51731
-2.52149
-2.52501
-2.52822
-2.53348
-2.53567
-2.53902
-2.54208
-2.5452
-2.54907
-2.55276
-2.5554
-2.55885
-2.56278
-2.5695
-2.57688
-2.58411
-2.58596
-2.58596
-2.58596
-2.58596
-2.58596
-2.58596
-2.58596
-2.58596
-2.58596
-2.58596
-2.58596
-2.58596
-2.58596
-2.58596
-2.58596
-2.58596
-2.58596
-2.58596
-2.58596
-2.58596
-2.58596
-2.58596
-2.58596
-2.58596
-2.58596
-2.58596
-2.58596
-2.58596
-2.58596
-2.58596
-2.58596
-2.58596
-2.58596
-2.58596
-2.58596
-2.58596
-2.58596
-2.58596
-2.58596
-2.58596
-2.58596
-2.58596
-2.58596
-2.58596
-2.58596
-2.58596
-2.58596
-2.58596
-2.58596
-2.58596
-2.58596
-2.58596
-2.58596
-2.58596
-2.58596
-2.58596
-2.58596
-2.58596
-2.58596
-2.58596
